,time,strain1,strain2,strain3,strain4,raw_strain_strain2,stress_strain2
0,795,126,108,107,172,0.0,0.0
1,996,130,111,74,175,2.2162065711405158e-05,0.0015269663275158155
2,1199,126,112,0,0,2.9549546979978913e-05,0.0020359637869205474
3,1403,128,109,94,171,7.387292222257201e-06,0.0005089844341135211
4,1605,128,108,107,172,0.0,0.0
5,1805,130,111,99,175,2.2162065711405158e-05,0.0015269663275158155
6,2007,128,108,107,172,0.0,0.0
7,2207,130,111,0,169,2.2162065711405158e-05,0.0015269663275158155
8,2408,128,108,107,172,0.0,0.0
9,2610,131,111,99,175,2.2162065711405158e-05,0.0015269663275158155
10,2812,131,111,69,173,2.2162065711405158e-05,0.0015269663275158155
11,3014,130,111,0,167,2.2162065711405158e-05,0.0015269663275158155
12,3216,129,108,107,171,0.0,0.0
13,3417,129,108,107,171,0.0,0.0
14,3619,129,108,107,171,0.0,0.0
15,3821,129,108,107,170,0.0,0.0
16,4022,129,108,107,170,0.0,0.0
17,4225,129,108,107,170,0.0,0.0
18,4426,129,108,107,170,0.0,0.0
19,4626,128,112,0,0,2.9549546979978913e-05,0.0020359637869205474
20,4827,129,108,107,169,0.0,0.0
21,5028,129,108,107,170,0.0,0.0
22,5230,130,108,107,169,0.0,0.0
23,5430,130,112,0,160,2.9549546979978913e-05,0.0020359637869205474
24,5630,130,108,107,169,0.0,0.0
25,5828,130,108,107,169,0.0,0.0
26,6034,131,111,0,166,2.2162065711405158e-05,0.0015269663275158155
27,6234,131,111,0,162,2.2162065711405158e-05,0.0015269663275158155
28,6437,130,108,107,168,0.0,0.0
29,6638,130,108,107,169,0.0,0.0
30,6840,131,111,0,164,2.2162065711405158e-05,0.0015269663275158155
31,7046,132,111,89,170,2.2162065711405158e-05,0.0015269663275158155
32,7246,130,108,107,168,0.0,0.0
33,7449,131,111,0,162,2.2162065711405158e-05,0.0015269663275158155
34,7652,130,108,107,168,0.0,0.0
35,7854,131,111,0,163,2.2162065711405158e-05,0.0015269663275158155
36,8055,130,108,107,168,0.0,0.0
37,8258,129,112,0,148,2.9549546979978913e-05,0.0020359637869205474
38,8458,132,111,15,166,2.2162065711405158e-05,0.0015269663275158155
39,8660,130,112,0,156,2.9549546979978913e-05,0.0020359637869205474
40,8863,130,108,107,167,0.0,0.0
41,9064,128,112,0,0,2.9549546979978913e-05,0.0020359637869205474
42,9267,130,108,107,166,0.0,0.0
43,9463,128,112,0,0,2.9549546979978913e-05,0.0020359637869205474
44,9669,130,108,107,166,0.0,0.0
45,9867,130,108,107,166,0.0,0.0
46,10067,130,108,107,166,0.0,0.0
47,10269,130,112,0,157,2.9549546979978913e-05,0.0020359637869205474
48,10465,129,112,0,0,2.9549546979978913e-05,0.0020359637869205474
49,10670,132,111,97,168,2.2162065711405158e-05,0.0015269663275158155
50,10865,130,108,107,165,0.0,0.0
51,11070,129,112,0,0,2.9549546979978913e-05,0.0020359637869205474
52,11272,130,108,107,165,0.0,0.0
53,11474,130,108,107,165,0.0,0.0
54,11676,132,111,27,165,2.2162065711405158e-05,0.0015269663275158155
55,11876,131,112,0,157,2.9549546979978913e-05,0.0020359637869205474
56,12079,131,111,0,158,2.2162065711405158e-05,0.0015269663275158155
57,12282,131,111,0,159,2.2162065711405158e-05,0.0015269663275158155
58,12481,132,111,89,166,2.2162065711405158e-05,0.0015269663275158155
59,12681,128,112,0,0,2.9549546979978913e-05,0.0020359637869205474
60,12882,132,111,90,166,2.2162065711405158e-05,0.0015269663275158155
61,13086,130,108,107,164,0.0,0.0
62,13288,132,111,99,167,2.2162065711405158e-05,0.0015269663275158155
63,13489,130,108,107,164,0.0,0.0
64,13691,130,111,6,160,2.2162065711405158e-05,0.0015269663275158155
65,13895,129,108,107,163,0.0,0.0
66,14095,132,111,100,166,2.2162065711405158e-05,0.0015269663275158155
67,14295,132,111,78,165,2.2162065711405158e-05,0.0015269663275158155
68,14498,129,108,107,163,0.0,0.0
69,14699,128,112,0,0,2.9549546979978913e-05,0.0020359637869205474
70,14901,129,108,107,162,0.0,0.0
71,15101,131,111,0,160,2.2162065711405158e-05,0.0015269663275158155
72,15307,129,108,107,162,0.0,0.0
73,15508,129,108,107,162,0.0,0.0
74,15713,131,111,98,165,2.2162065711405158e-05,0.0015269663275158155
75,15912,131,111,69,163,2.2162065711405158e-05,0.0015269663275158155
76,16116,129,108,107,162,0.0,0.0
77,16315,127,112,0,0,2.9549546979978913e-05,0.0020359637869205474
78,16516,130,112,0,155,2.9549546979978913e-05,0.0020359637869205474
79,16717,129,108,107,161,0.0,0.0
80,16917,129,108,107,162,0.0,0.0
81,17117,129,108,107,162,0.0,0.0
82,17320,132,111,99,164,2.2162065711405158e-05,0.0015269663275158155
83,17523,131,111,16,160,2.2162065711405158e-05,0.0015269663275158155
84,17721,129,108,107,161,0.0,0.0
85,17924,129,108,107,161,0.0,0.0
86,18124,128,112,0,0,2.9549546979978913e-05,0.0020359637869205474
87,18324,130,112,0,156,2.9549546979978913e-05,0.0020359637869205474
88,18526,128,112,0,20,2.9549546979978913e-05,0.0020359637869205474
89,18727,129,108,107,160,0.0,0.0
90,18928,129,108,107,160,0.0,0.0
91,19130,131,111,100,163,2.2162065711405158e-05,0.0015269663275158155
92,19331,129,108,107,160,0.0,0.0
93,19533,129,108,107,160,0.0,0.0
94,19735,129,108,108,160,0.0,0.0
95,19937,130,111,24,159,2.2162065711405158e-05,0.0015269663275158155
96,20140,129,108,107,160,0.0,0.0
97,20342,130,111,0,157,2.2162065711405158e-05,0.0015269663275158155
98,20541,127,112,0,0,2.9549546979978913e-05,0.0020359637869205474
99,20745,131,111,99,162,2.2162065711405158e-05,0.0015269663275158155
100,20946,130,112,1,156,2.9549546979978913e-05,0.0020359637869205474
101,21149,128,108,108,159,0.0,0.0
102,21350,128,108,108,159,0.0,0.0
103,21552,128,108,108,159,0.0,0.0
104,21754,128,108,108,159,0.0,0.0
105,21956,127,112,0,0,2.9549546979978913e-05,0.0020359637869205474
106,22156,128,108,108,158,0.0,0.0
107,22359,129,112,0,154,2.9549546979978913e-05,0.0020359637869205474
108,22561,128,108,107,158,0.0,0.0
109,22763,128,112,0,148,2.9549546979978913e-05,0.0020359637869205474
110,22966,128,108,108,158,0.0,0.0
111,23165,130,112,54,158,2.9549546979978913e-05,0.0020359637869205474
112,23366,127,108,108,158,0.0,0.0
113,23568,128,109,53,154,7.387292222257201e-06,0.0005089844341135211
114,23769,127,108,108,157,0.0,0.0
115,23971,130,111,94,159,2.2162065711405158e-05,0.0015269663275158155
116,24172,127,108,108,157,0.0,0.0
117,24373,127,108,108,157,0.0,0.0
118,24576,127,108,108,157,0.0,0.0
119,24778,127,108,108,157,0.0,0.0
120,24978,127,108,108,157,0.0,0.0
121,25180,128,112,0,151,2.9549546979978913e-05,0.0020359637869205474
122,25381,125,112,0,0,2.9549546979978913e-05,0.0020359637869205474
123,25583,130,111,100,159,2.2162065711405158e-05,0.0015269663275158155
124,25783,129,112,44,156,2.9549546979978913e-05,0.0020359637869205474
125,25986,127,108,108,156,0.0,0.0
126,26188,126,112,0,0,2.9549546979978913e-05,0.0020359637869205474
127,26390,127,112,0,148,2.9549546979978913e-05,0.0020359637869205474
128,26590,128,109,107,155,7.387292222257201e-06,0.0005089844341135211
129,26790,127,108,108,155,0.0,0.0
130,26991,129,111,100,158,2.2162065711405158e-05,0.0015269663275158155
131,27197,129,111,99,157,2.2162065711405158e-05,0.0015269663275158155
132,27398,126,108,108,155,0.0,0.0
133,27599,127,112,0,145,2.9549546979978913e-05,0.0020359637869205474
134,27801,126,108,108,154,0.0,0.0
135,28004,127,112,0,148,2.9549546979978913e-05,0.0020359637869205474
136,28207,126,108,108,154,0.0,0.0
137,28409,126,112,0,0,2.9549546979978913e-05,0.0020359637869205474
138,28609,128,112,66,155,2.9549546979978913e-05,0.0020359637869205474
139,28810,129,111,100,157,2.2162065711405158e-05,0.0015269663275158155
140,29010,126,108,108,154,0.0,0.0
141,29212,126,108,108,154,0.0,0.0
142,29411,126,108,108,154,0.0,0.0
143,29614,126,108,108,153,0.0,0.0
144,29815,126,108,108,153,0.0,0.0
145,30012,126,108,108,153,0.0,0.0
146,30217,127,112,0,146,2.9549546979978913e-05,0.0020359637869205474
147,30417,127,112,0,147,2.9549546979978913e-05,0.0020359637869205474
148,30620,126,109,108,153,7.387292222257201e-06,0.0005089844341135211
149,30821,125,112,0,129,2.9549546979978913e-05,0.0020359637869205474
150,31022,126,108,108,153,0.0,0.0
151,31224,125,112,0,0,2.9549546979978913e-05,0.0020359637869205474
152,31424,126,108,108,152,0.0,0.0
153,31626,128,112,85,154,2.9549546979978913e-05,0.0020359637869205474
154,31827,125,108,108,152,0.0,0.0
155,32028,124,112,0,0,2.9549546979978913e-05,0.0020359637869205474
156,32227,125,108,108,152,0.0,0.0
157,32430,127,112,3,149,2.9549546979978913e-05,0.0020359637869205474
158,32630,125,109,108,152,7.387292222257201e-06,0.0005089844341135211
159,32832,126,112,0,147,2.9549546979978913e-05,0.0020359637869205474
160,33033,126,110,100,154,1.4774647458831252e-05,0.0010179732099134732
161,33234,127,112,87,153,2.9549546979978913e-05,0.0020359637869205474
162,33437,125,109,108,151,7.387292222257201e-06,0.0005089844341135211
163,33638,127,112,99,153,2.9549546979978913e-05,0.0020359637869205474
164,33839,125,109,56,148,7.387292222257201e-06,0.0005089844341135211
165,34039,125,110,85,149,1.4774647458831252e-05,0.0010179732099134732
166,34241,125,112,7,143,2.9549546979978913e-05,0.0020359637869205474
167,34443,125,109,108,150,7.387292222257201e-06,0.0005089844341135211
168,34642,124,109,108,150,7.387292222257201e-06,0.0005089844341135211
169,34846,127,112,18,149,2.9549546979978913e-05,0.0020359637869205474
170,35046,124,109,108,150,7.387292222257201e-06,0.0005089844341135211
171,35248,126,112,0,144,2.9549546979978913e-05,0.0020359637869205474
172,35451,124,109,108,150,7.387292222257201e-06,0.0005089844341135211
173,35653,126,112,0,145,2.9549546979978913e-05,0.0020359637869205474
174,35855,127,112,98,152,2.9549546979978913e-05,0.0020359637869205474
175,36056,124,109,108,149,7.387292222257201e-06,0.0005089844341135211
176,36256,124,109,108,149,7.387292222257201e-06,0.0005089844341135211
177,36457,127,112,101,152,2.9549546979978913e-05,0.0020359637869205474
178,36669,124,109,108,149,7.387292222257201e-06,0.0005089844341135211
179,36872,123,112,0,0,2.9549546979978913e-05,0.0020359637869205474
180,37073,124,109,108,148,7.387292222257201e-06,0.0005089844341135211
181,37274,124,109,108,149,7.387292222257201e-06,0.0005089844341135211
182,37475,124,112,0,137,2.9549546979978913e-05,0.0020359637869205474
183,37676,123,112,0,0,2.9549546979978913e-05,0.0020359637869205474
184,37877,123,113,0,0,3.693709126556232e-05,0.002544965588197244
185,38080,124,109,108,148,7.387292222257201e-06,0.0005089844341135211
186,38282,124,109,108,148,7.387292222257201e-06,0.0005089844341135211
187,38483,126,112,101,151,2.9549546979978913e-05,0.0020359637869205474
188,38683,125,112,0,144,2.9549546979978913e-05,0.0020359637869205474
189,38885,124,109,108,148,7.387292222257201e-06,0.0005089844341135211
190,39086,124,109,108,148,7.387292222257201e-06,0.0005089844341135211
191,39288,122,113,0,0,3.693709126556232e-05,0.002544965588197244
192,39486,126,112,98,150,2.9549546979978913e-05,0.0020359637869205474
193,39686,124,109,108,147,7.387292222257201e-06,0.0005089844341135211
194,39887,124,109,109,147,7.387292222257201e-06,0.0005089844341135211
195,40089,126,112,82,148,2.9549546979978913e-05,0.0020359637869205474
196,40290,124,109,109,147,7.387292222257201e-06,0.0005089844341135211
197,40489,124,109,109,147,7.387292222257201e-06,0.0005089844341135211
198,40693,123,109,108,147,7.387292222257201e-06,0.0005089844341135211
199,40893,123,109,109,146,7.387292222257201e-06,0.0005089844341135211
200,41092,124,112,0,141,2.9549546979978913e-05,0.0020359637869205474
201,41294,123,109,109,146,7.387292222257201e-06,0.0005089844341135211
202,41495,122,112,0,0,2.9549546979978913e-05,0.0020359637869205474
203,41698,123,109,109,146,7.387292222257201e-06,0.0005089844341135211
204,41901,123,109,109,146,7.387292222257201e-06,0.0005089844341135211
205,42101,126,112,101,149,2.9549546979978913e-05,0.0020359637869205474
206,42301,122,112,0,124,2.9549546979978913e-05,0.0020359637869205474
207,42501,123,109,109,145,7.387292222257201e-06,0.0005089844341135211
208,42702,121,112,0,0,2.9549546979978913e-05,0.0020359637869205474
209,42904,123,109,109,145,7.387292222257201e-06,0.0005089844341135211
210,43107,125,112,97,147,2.9549546979978913e-05,0.0020359637869205474
211,43307,122,109,109,145,7.387292222257201e-06,0.0005089844341135211
212,43508,122,109,109,145,7.387292222257201e-06,0.0005089844341135211
213,43708,123,112,0,137,2.9549546979978913e-05,0.0020359637869205474
214,43908,124,112,11,143,2.9549546979978913e-05,0.0020359637869205474
215,44111,122,109,109,144,7.387292222257201e-06,0.0005089844341135211
216,44312,125,112,102,147,2.9549546979978913e-05,0.0020359637869205474
217,44513,122,109,109,144,7.387292222257201e-06,0.0005089844341135211
218,44709,124,112,86,146,2.9549546979978913e-05,0.0020359637869205474
219,44915,122,109,109,144,7.387292222257201e-06,0.0005089844341135211
220,45118,122,109,109,144,7.387292222257201e-06,0.0005089844341135211
221,45320,122,109,109,144,7.387292222257201e-06,0.0005089844341135211
222,45522,122,109,109,144,7.387292222257201e-06,0.0005089844341135211
223,45721,121,109,72,134,7.387292222257201e-06,0.0005089844341135211
224,45923,122,109,109,143,7.387292222257201e-06,0.0005089844341135211
225,46126,122,109,109,143,7.387292222257201e-06,0.0005089844341135211
226,46327,123,112,41,143,2.9549546979978913e-05,0.0020359637869205474
227,46529,122,112,0,135,2.9549546979978913e-05,0.0020359637869205474
228,46731,121,109,109,143,7.387292222257201e-06,0.0005089844341135211
229,46934,121,112,0,0,2.9549546979978913e-05,0.0020359637869205474
230,47137,123,112,0,138,2.9549546979978913e-05,0.0020359637869205474
231,47336,120,113,0,54,3.693709126556232e-05,0.002544965588197244
232,47542,121,109,109,142,7.387292222257201e-06,0.0005089844341135211
233,47741,121,109,109,142,7.387292222257201e-06,0.0005089844341135211
234,47943,121,109,109,142,7.387292222257201e-06,0.0005089844341135211
235,48144,121,109,109,142,7.387292222257201e-06,0.0005089844341135211
236,48344,123,112,52,142,2.9549546979978913e-05,0.0020359637869205474
237,48544,121,109,109,142,7.387292222257201e-06,0.0005089844341135211
238,48745,123,112,64,142,2.9549546979978913e-05,0.0020359637869205474
239,48947,121,109,109,141,7.387292222257201e-06,0.0005089844341135211
240,49148,123,112,21,140,2.9549546979978913e-05,0.0020359637869205474
241,49349,121,109,109,141,7.387292222257201e-06,0.0005089844341135211
242,49550,123,112,100,144,2.9549546979978913e-05,0.0020359637869205474
243,49755,121,109,109,141,7.387292222257201e-06,0.0005089844341135211
244,49957,121,109,109,141,7.387292222257201e-06,0.0005089844341135211
245,50159,122,112,0,136,2.9549546979978913e-05,0.0020359637869205474
246,50358,123,112,101,143,2.9549546979978913e-05,0.0020359637869205474
247,50558,121,109,109,140,7.387292222257201e-06,0.0005089844341135211
248,50762,121,109,109,140,7.387292222257201e-06,0.0005089844341135211
249,50964,121,109,109,140,7.387292222257201e-06,0.0005089844341135211
250,51166,122,112,0,136,2.9549546979978913e-05,0.0020359637869205474
251,51366,121,109,109,140,7.387292222257201e-06,0.0005089844341135211
252,51566,121,112,0,130,2.9549546979978913e-05,0.0020359637869205474
253,51768,121,109,109,140,7.387292222257201e-06,0.0005089844341135211
254,51969,121,109,109,140,7.387292222257201e-06,0.0005089844341135211
255,52170,122,112,14,138,2.9549546979978913e-05,0.0020359637869205474
256,52370,122,112,0,133,2.9549546979978913e-05,0.0020359637869205474
257,52570,120,109,109,139,7.387292222257201e-06,0.0005089844341135211
258,52772,123,112,99,141,2.9549546979978913e-05,0.0020359637869205474
259,52973,120,109,109,139,7.387292222257201e-06,0.0005089844341135211
260,53175,120,109,109,139,7.387292222257201e-06,0.0005089844341135211
261,53379,123,112,82,140,2.9549546979978913e-05,0.0020359637869205474
262,53579,120,109,109,139,7.387292222257201e-06,0.0005089844341135211
263,53781,120,109,109,139,7.387292222257201e-06,0.0005089844341135211
264,53983,121,112,0,133,2.9549546979978913e-05,0.0020359637869205474
265,54185,120,109,109,138,7.387292222257201e-06,0.0005089844341135211
266,54388,123,112,102,141,2.9549546979978913e-05,0.0020359637869205474
267,54590,121,110,108,139,1.4774647458831252e-05,0.0010179732099134732
268,54792,120,109,109,138,7.387292222257201e-06,0.0005089844341135211
269,54993,120,109,109,138,7.387292222257201e-06,0.0005089844341135211
270,55197,121,112,0,130,2.9549546979978913e-05,0.0020359637869205474
271,55400,120,109,109,138,7.387292222257201e-06,0.0005089844341135211
272,55601,118,113,0,0,3.693709126556232e-05,0.002544965588197244
273,55798,120,109,109,138,7.387292222257201e-06,0.0005089844341135211
274,56003,122,112,101,140,2.9549546979978913e-05,0.0020359637869205474
275,56206,122,111,107,138,2.2162065711405158e-05,0.0015269663275158155
276,56406,120,113,0,128,3.693709126556232e-05,0.002544965588197244
277,56608,118,113,0,0,3.693709126556232e-05,0.002544965588197244
278,56808,120,109,109,137,7.387292222257201e-06,0.0005089844341135211
279,57010,119,109,109,137,7.387292222257201e-06,0.0005089844341135211
280,57213,119,109,109,137,7.387292222257201e-06,0.0005089844341135211
281,57416,119,109,109,137,7.387292222257201e-06,0.0005089844341135211
282,57615,122,112,101,139,2.9549546979978913e-05,0.0020359637869205474
283,57818,122,112,74,137,2.9549546979978913e-05,0.0020359637869205474
284,58021,119,109,109,136,7.387292222257201e-06,0.0005089844341135211
285,58219,119,109,109,136,7.387292222257201e-06,0.0005089844341135211
286,58422,119,109,109,136,7.387292222257201e-06,0.0005089844341135211
287,58622,121,112,100,138,2.9549546979978913e-05,0.0020359637869205474
288,58826,119,109,109,136,7.387292222257201e-06,0.0005089844341135211
289,59026,119,109,109,136,7.387292222257201e-06,0.0005089844341135211
290,59228,120,112,0,130,2.9549546979978913e-05,0.0020359637869205474
291,59429,119,109,109,136,7.387292222257201e-06,0.0005089844341135211
292,59631,119,113,0,124,3.693709126556232e-05,0.002544965588197244
293,59831,119,109,109,135,7.387292222257201e-06,0.0005089844341135211
294,60030,119,109,109,135,7.387292222257201e-06,0.0005089844341135211
295,60234,121,112,103,139,2.9549546979978913e-05,0.0020359637869205474
296,60433,121,112,102,138,2.9549546979978913e-05,0.0020359637869205474
297,60638,118,109,109,135,7.387292222257201e-06,0.0005089844341135211
298,60839,117,113,0,0,3.693709126556232e-05,0.002544965588197244
299,61043,118,109,109,135,7.387292222257201e-06,0.0005089844341135211
300,61245,120,112,99,137,2.9549546979978913e-05,0.0020359637869205474
301,61447,118,109,106,137,7.387292222257201e-06,0.0005089844341135211
302,61649,118,109,109,135,7.387292222257201e-06,0.0005089844341135211
303,61853,118,109,109,134,7.387292222257201e-06,0.0005089844341135211
304,62054,120,112,103,138,2.9549546979978913e-05,0.0020359637869205474
305,62255,118,109,109,134,7.387292222257201e-06,0.0005089844341135211
306,62457,120,112,101,138,2.9549546979978913e-05,0.0020359637869205474
307,62659,117,111,30,132,2.2162065711405158e-05,0.0015269663275158155
308,62862,118,109,109,134,7.387292222257201e-06,0.0005089844341135211
309,63063,117,112,0,125,2.9549546979978913e-05,0.0020359637869205474
310,63265,117,109,109,134,7.387292222257201e-06,0.0005089844341135211
311,63466,117,109,109,133,7.387292222257201e-06,0.0005089844341135211
312,63668,117,109,109,134,7.387292222257201e-06,0.0005089844341135211
313,63872,119,113,39,131,3.693709126556232e-05,0.002544965588197244
314,64071,119,113,98,132,3.693709126556232e-05,0.002544965588197244
315,64275,118,109,109,134,7.387292222257201e-06,0.0005089844341135211
316,64478,118,109,109,134,7.387292222257201e-06,0.0005089844341135211
317,64678,118,110,110,134,1.4774647458831252e-05,0.0010179732099134732
318,64880,120,114,102,136,4.432469856916519e-05,0.003053971731415482
319,65080,118,110,110,134,1.4774647458831252e-05,0.0010179732099134732
320,65281,118,112,105,137,2.9549546979978913e-05,0.0020359637869205474
321,65483,118,114,101,134,4.432469856916519e-05,0.003053971731415482
322,65682,115,115,7,126,5.171236889179732e-05,0.0035629822166448354
323,65882,118,110,110,134,1.4774647458831252e-05,0.0010179732099134732
324,66083,118,114,103,136,4.432469856916519e-05,0.003053971731415482
325,66283,116,111,104,133,2.2162065711405158e-05,0.0015269663275158155
326,66486,118,110,110,133,1.4774647458831252e-05,0.0010179732099134732
327,66689,118,110,110,133,1.4774647458831252e-05,0.0010179732099134732
328,66887,117,110,110,133,1.4774647458831252e-05,0.0010179732099134732
329,67088,112,115,0,0,5.171236889179732e-05,0.0035629822166448354
330,67290,117,110,110,133,1.4774647458831252e-05,0.0010179732099134732
331,67492,117,110,110,133,1.4774647458831252e-05,0.0010179732099134732
332,67697,119,113,104,135,3.693709126556232e-05,0.002544965588197244
333,67899,117,110,110,132,1.4774647458831252e-05,0.0010179732099134732
334,68100,117,110,110,132,1.4774647458831252e-05,0.0010179732099134732
335,68304,117,110,109,134,1.4774647458831252e-05,0.0010179732099134732
336,68506,117,110,109,132,1.4774647458831252e-05,0.0010179732099134732
337,68707,117,110,109,132,1.4774647458831252e-05,0.0010179732099134732
338,68909,117,113,104,135,3.693709126556232e-05,0.002544965588197244
339,69108,117,110,109,131,1.4774647458831252e-05,0.0010179732099134732
340,69310,117,110,109,131,1.4774647458831252e-05,0.0010179732099134732
341,69514,117,110,109,131,1.4774647458831252e-05,0.0010179732099134732
342,69715,117,110,109,131,1.4774647458831252e-05,0.0010179732099134732
343,69916,116,114,101,130,4.432469856916519e-05,0.003053971731415482
344,70118,118,113,103,136,3.693709126556232e-05,0.002544965588197244
345,70319,117,110,109,130,1.4774647458831252e-05,0.0010179732099134732
346,70521,115,114,100,130,4.432469856916519e-05,0.003053971731415482
347,70721,117,114,102,135,4.432469856916519e-05,0.003053971731415482
348,70921,116,110,109,130,1.4774647458831252e-05,0.0010179732099134732
349,71121,114,112,105,129,2.9549546979978913e-05,0.0020359637869205474
350,71323,116,110,109,130,1.4774647458831252e-05,0.0010179732099134732
351,71521,116,110,109,130,1.4774647458831252e-05,0.0010179732099134732
352,71726,117,113,102,134,3.693709126556232e-05,0.002544965588197244
353,71926,116,110,109,130,1.4774647458831252e-05,0.0010179732099134732
354,72125,116,110,109,130,1.4774647458831252e-05,0.0010179732099134732
355,72329,116,110,109,129,1.4774647458831252e-05,0.0010179732099134732
356,72532,115,114,98,129,4.432469856916519e-05,0.003053971731415482
357,72735,116,110,108,129,1.4774647458831252e-05,0.0010179732099134732
358,72936,116,110,109,129,1.4774647458831252e-05,0.0010179732099134732
359,73137,116,110,108,129,1.4774647458831252e-05,0.0010179732099134732
360,73336,116,110,109,129,1.4774647458831252e-05,0.0010179732099134732
361,73538,116,114,102,132,4.432469856916519e-05,0.003053971731415482
362,73741,116,110,108,129,1.4774647458831252e-05,0.0010179732099134732
363,73942,116,110,109,129,1.4774647458831252e-05,0.0010179732099134732
364,74144,115,110,108,129,1.4774647458831252e-05,0.0010179732099134732
365,74345,115,110,108,128,1.4774647458831252e-05,0.0010179732099134732
366,74548,115,109,108,129,7.387292222257201e-06,0.0005089844341135211
367,74747,115,109,108,128,7.387292222257201e-06,0.0005089844341135211
368,74951,117,113,103,132,3.693709126556232e-05,0.002544965588197244
369,75153,115,113,100,129,3.693709126556232e-05,0.002544965588197244
370,75354,115,109,108,128,7.387292222257201e-06,0.0005089844341135211
371,75557,115,113,101,126,3.693709126556232e-05,0.002544965588197244
372,75758,112,114,97,117,4.432469856916519e-05,0.003053971731415482
373,75958,114,113,100,128,3.693709126556232e-05,0.002544965588197244
374,76158,115,109,108,127,7.387292222257201e-06,0.0005089844341135211
375,76359,114,109,108,127,7.387292222257201e-06,0.0005089844341135211
376,76561,114,113,100,128,3.693709126556232e-05,0.002544965588197244
377,76763,116,113,102,130,3.693709126556232e-05,0.002544965588197244
378,76966,114,109,108,126,7.387292222257201e-06,0.0005089844341135211
379,77169,114,109,108,127,7.387292222257201e-06,0.0005089844341135211
380,77374,111,113,0,118,3.693709126556232e-05,0.002544965588197244
381,77577,114,113,101,128,3.693709126556232e-05,0.002544965588197244
382,77778,112,114,16,117,4.432469856916519e-05,0.003053971731415482
383,77981,114,113,100,128,3.693709126556232e-05,0.002544965588197244
384,78183,114,110,50,116,1.4774647458831252e-05,0.0010179732099134732
385,78385,114,109,108,126,7.387292222257201e-06,0.0005089844341135211
386,78587,108,113,0,0,3.693709126556232e-05,0.002544965588197244
387,78788,113,109,108,126,7.387292222257201e-06,0.0005089844341135211
388,78993,112,113,99,127,3.693709126556232e-05,0.002544965588197244
389,79193,113,109,108,126,7.387292222257201e-06,0.0005089844341135211
390,79394,111,113,96,122,3.693709126556232e-05,0.002544965588197244
391,79596,113,109,107,125,7.387292222257201e-06,0.0005089844341135211
392,79798,113,109,107,125,7.387292222257201e-06,0.0005089844341135211
393,79998,113,113,101,127,3.693709126556232e-05,0.002544965588197244
394,80200,110,114,61,0,4.432469856916519e-05,0.003053971731415482
395,80402,112,110,106,124,1.4774647458831252e-05,0.0010179732099134732
396,80607,111,113,84,118,3.693709126556232e-05,0.002544965588197244
397,80808,114,112,101,128,2.9549546979978913e-05,0.0020359637869205474
398,81012,111,112,98,122,2.9549546979978913e-05,0.0020359637869205474
399,81214,113,109,107,124,7.387292222257201e-06,0.0005089844341135211
400,81413,113,109,107,124,7.387292222257201e-06,0.0005089844341135211
401,81616,114,112,102,128,2.9549546979978913e-05,0.0020359637869205474
402,81818,108,113,0,0,3.693709126556232e-05,0.002544965588197244
403,82019,113,108,107,124,0.0,0.0
404,82220,114,112,101,126,2.9549546979978913e-05,0.0020359637869205474
405,82420,113,109,107,124,7.387292222257201e-06,0.0005089844341135211
406,82622,112,109,107,123,7.387292222257201e-06,0.0005089844341135211
407,82825,112,109,107,124,7.387292222257201e-06,0.0005089844341135211
408,83027,107,113,94,109,3.693709126556232e-05,0.002544965588197244
409,83230,112,109,107,124,7.387292222257201e-06,0.0005089844341135211
410,83432,113,112,101,126,2.9549546979978913e-05,0.0020359637869205474
411,83635,112,109,107,123,7.387292222257201e-06,0.0005089844341135211
412,83835,109,113,0,55,3.693709126556232e-05,0.002544965588197244
413,84035,112,109,107,123,7.387292222257201e-06,0.0005089844341135211
414,84236,113,113,100,125,3.693709126556232e-05,0.002544965588197244
415,84435,112,108,107,123,0.0,0.0
416,84638,114,112,104,126,2.9549546979978913e-05,0.0020359637869205474
417,84836,112,108,107,123,0.0,0.0
418,85039,113,112,100,125,2.9549546979978913e-05,0.0020359637869205474
419,85241,112,108,107,123,0.0,0.0
420,85444,106,113,38,0,3.693709126556232e-05,0.002544965588197244
421,85645,109,113,97,121,3.693709126556232e-05,0.002544965588197244
422,85847,109,113,94,118,3.693709126556232e-05,0.002544965588197244
423,86047,111,108,107,122,0.0,0.0
424,86251,113,113,76,123,3.693709126556232e-05,0.002544965588197244
425,86452,112,108,107,122,0.0,0.0
426,86651,112,113,98,125,3.693709126556232e-05,0.002544965588197244
427,86852,110,113,49,121,3.693709126556232e-05,0.002544965588197244
428,87053,111,113,98,123,3.693709126556232e-05,0.002544965588197244
429,87251,107,113,0,112,3.693709126556232e-05,0.002544965588197244
430,87454,111,113,97,123,3.693709126556232e-05,0.002544965588197244
431,87656,111,110,97,117,1.4774647458831252e-05,0.0010179732099134732
432,87857,112,108,106,122,0.0,0.0
433,88058,112,108,106,122,0.0,0.0
434,88260,114,112,102,125,2.9549546979978913e-05,0.0020359637869205474
435,88462,111,108,107,121,0.0,0.0
436,88664,111,108,106,122,0.0,0.0
437,88863,112,108,107,121,0.0,0.0
438,89064,113,112,100,121,2.9549546979978913e-05,0.0020359637869205474
439,89263,112,112,100,124,2.9549546979978913e-05,0.0020359637869205474
440,89464,111,108,106,121,0.0,0.0
441,89665,111,108,106,121,0.0,0.0
442,89865,113,112,99,124,2.9549546979978913e-05,0.0020359637869205474
443,90066,112,112,98,120,2.9549546979978913e-05,0.0020359637869205474
444,90267,111,108,106,121,0.0,0.0
445,90471,111,112,96,118,2.9549546979978913e-05,0.0020359637869205474
446,90673,111,108,106,121,0.0,0.0
447,90877,112,111,100,123,2.2162065711405158e-05,0.0015269663275158155
448,91081,111,108,106,121,0.0,0.0
449,91283,111,108,106,121,0.0,0.0
450,91484,111,112,98,120,2.9549546979978913e-05,0.0020359637869205474
451,91686,111,108,106,120,0.0,0.0
452,91887,111,108,106,120,0.0,0.0
453,92089,108,112,74,111,2.9549546979978913e-05,0.0020359637869205474
454,92292,111,112,98,120,2.9549546979978913e-05,0.0020359637869205474
455,92484,110,111,98,122,2.2162065711405158e-05,0.0015269663275158155
456,92696,110,108,105,120,0.0,0.0
457,92898,110,112,97,118,2.9549546979978913e-05,0.0020359637869205474
458,93102,111,111,99,122,2.2162065711405158e-05,0.0015269663275158155
459,93304,110,107,106,120,-7.3872292079403505e-06,-0.0005089800924270902
460,93508,110,107,106,120,-7.3872292079403505e-06,-0.0005089800924270902
461,93712,110,107,106,120,-7.3872292079403505e-06,-0.0005089800924270902
462,93914,112,111,101,123,2.2162065711405158e-05,0.0015269663275158155
463,94114,110,107,106,119,-7.3872292079403505e-06,-0.0005089800924270902
464,94317,109,112,30,118,2.9549546979978913e-05,0.0020359637869205474
465,94518,110,108,105,120,0.0,0.0
466,94717,112,111,100,122,2.2162065711405158e-05,0.0015269663275158155
467,94920,110,107,105,119,-7.3872292079403505e-06,-0.0005089800924270902
468,95121,107,112,20,0,2.9549546979978913e-05,0.0020359637869205474
469,95322,110,107,105,119,-7.3872292079403505e-06,-0.0005089800924270902
470,95523,110,107,105,119,-7.3872292079403505e-06,-0.0005089800924270902
471,95723,110,107,105,119,-7.3872292079403505e-06,-0.0005089800924270902
472,95926,110,107,105,119,-7.3872292079403505e-06,-0.0005089800924270902
473,96128,112,111,100,122,2.2162065711405158e-05,0.0015269663275158155
474,96329,111,111,98,120,2.2162065711405158e-05,0.0015269663275158155
475,96530,109,107,105,118,-7.3872292079403505e-06,-0.0005089800924270902
476,96732,108,112,67,113,2.9549546979978913e-05,0.0020359637869205474
477,96933,110,107,105,118,-7.3872292079403505e-06,-0.0005089800924270902
478,97135,110,112,97,114,2.9549546979978913e-05,0.0020359637869205474
479,97336,110,107,105,118,-7.3872292079403505e-06,-0.0005089800924270902
480,97537,109,107,105,118,-7.3872292079403505e-06,-0.0005089800924270902
481,97740,109,107,105,118,-7.3872292079403505e-06,-0.0005089800924270902
482,97944,111,111,99,122,2.2162065711405158e-05,0.0015269663275158155
483,98143,110,107,105,119,-7.3872292079403505e-06,-0.0005089800924270902
484,98343,108,112,94,112,2.9549546979978913e-05,0.0020359637869205474
485,98545,110,111,96,120,2.2162065711405158e-05,0.0015269663275158155
486,98746,105,112,0,27,2.9549546979978913e-05,0.0020359637869205474
487,98949,109,107,105,118,-7.3872292079403505e-06,-0.0005089800924270902
488,99147,105,112,0,0,2.9549546979978913e-05,0.0020359637869205474
489,99354,109,107,105,118,-7.3872292079403505e-06,-0.0005089800924270902
490,99556,109,112,93,119,2.9549546979978913e-05,0.0020359637869205474
491,99756,109,107,104,118,-7.3872292079403505e-06,-0.0005089800924270902
492,99957,109,107,105,118,-7.3872292079403505e-06,-0.0005089800924270902
493,100158,109,107,104,118,-7.3872292079403505e-06,-0.0005089800924270902
494,100357,105,112,0,106,2.9549546979978913e-05,0.0020359637869205474
495,100560,111,111,99,122,2.2162065711405158e-05,0.0015269663275158155
496,100763,110,111,96,121,2.2162065711405158e-05,0.0015269663275158155
497,100963,109,107,104,118,-7.3872292079403505e-06,-0.0005089800924270902
498,101161,104,112,0,0,2.9549546979978913e-05,0.0020359637869205474
499,101363,109,107,104,118,-7.3872292079403505e-06,-0.0005089800924270902
500,101565,110,111,96,116,2.2162065711405158e-05,0.0015269663275158155
501,101764,111,111,98,120,2.2162065711405158e-05,0.0015269663275158155
502,101964,109,107,104,118,-7.3872292079403505e-06,-0.0005089800924270902
503,102167,109,107,104,118,-7.3872292079403505e-06,-0.0005089800924270902
504,102370,110,111,98,120,2.2162065711405158e-05,0.0015269663275158155
505,102573,109,107,104,118,-7.3872292079403505e-06,-0.0005089800924270902
506,102774,110,111,96,120,2.2162065711405158e-05,0.0015269663275158155
507,102977,108,107,104,118,-7.3872292079403505e-06,-0.0005089800924270902
508,103176,108,107,104,118,-7.3872292079403505e-06,-0.0005089800924270902
509,103377,109,107,104,117,-7.3872292079403505e-06,-0.0005089800924270902
510,103578,108,107,104,118,-7.3872292079403505e-06,-0.0005089800924270902
511,103778,109,107,104,118,-7.3872292079403505e-06,-0.0005089800924270902
512,103980,108,107,104,118,-7.3872292079403505e-06,-0.0005089800924270902
513,104180,109,107,104,117,-7.3872292079403505e-06,-0.0005089800924270902
514,104383,107,111,0,111,2.2162065711405158e-05,0.0015269663275158155
515,104584,105,111,0,0,2.2162065711405158e-05,0.0015269663275158155
516,104786,109,112,28,117,2.9549546979978913e-05,0.0020359637869205474
517,104987,109,111,47,119,2.2162065711405158e-05,0.0015269663275158155
518,105186,108,107,104,117,-7.3872292079403505e-06,-0.0005089800924270902
519,105388,108,107,63,116,-7.3872292079403505e-06,-0.0005089800924270902
520,105588,108,107,104,117,-7.3872292079403505e-06,-0.0005089800924270902
521,105790,108,112,0,112,2.9549546979978913e-05,0.0020359637869205474
522,105988,103,111,0,0,2.2162065711405158e-05,0.0015269663275158155
523,106192,108,106,103,117,-1.4774395402910253e-05,-0.0010179558432605164
524,106392,110,111,94,118,2.2162065711405158e-05,0.0015269663275158155
525,106594,108,107,103,116,-7.3872292079403505e-06,-0.0005089800924270902
526,106792,108,107,104,117,-7.3872292079403505e-06,-0.0005089800924270902
527,106995,103,111,0,0,2.2162065711405158e-05,0.0015269663275158155
528,107198,108,106,103,117,-1.4774395402910253e-05,-0.0010179558432605164
529,107399,108,106,103,116,-1.4774395402910253e-05,-0.0010179558432605164
530,107601,110,111,97,120,2.2162065711405158e-05,0.0015269663275158155
531,107806,107,108,100,116,0.0,0.0
532,108009,108,106,103,117,-1.4774395402910253e-05,-0.0010179558432605164
533,108212,108,106,103,117,-1.4774395402910253e-05,-0.0010179558432605164
534,108413,104,111,0,0,2.2162065711405158e-05,0.0015269663275158155
535,108617,109,110,95,119,1.4774647458831252e-05,0.0010179732099134732
536,108816,108,106,103,117,-1.4774395402910253e-05,-0.0010179558432605164
537,109019,104,111,0,0,2.2162065711405158e-05,0.0015269663275158155
538,109223,108,110,0,114,1.4774647458831252e-05,0.0010179732099134732
539,109426,107,106,103,116,-1.4774395402910253e-05,-0.0010179558432605164
540,109627,108,111,23,114,2.2162065711405158e-05,0.0015269663275158155
541,109828,107,106,103,116,-1.4774395402910253e-05,-0.0010179558432605164
542,110031,107,111,83,116,2.2162065711405158e-05,0.0015269663275158155
543,110232,107,106,102,116,-1.4774395402910253e-05,-0.0010179558432605164
544,110433,107,106,103,117,-1.4774395402910253e-05,-0.0010179558432605164
545,110639,102,111,0,0,2.2162065711405158e-05,0.0015269663275158155
546,110839,105,111,23,112,2.2162065711405158e-05,0.0015269663275158155
547,111041,107,106,103,118,-1.4774395402910253e-05,-0.0010179558432605164
548,111243,107,106,103,118,-1.4774395402910253e-05,-0.0010179558432605164
549,111441,107,106,103,118,-1.4774395402910253e-05,-0.0010179558432605164
550,111645,107,106,103,118,-1.4774395402910253e-05,-0.0010179558432605164
551,111843,107,106,103,118,-1.4774395402910253e-05,-0.0010179558432605164
552,112046,108,110,97,123,1.4774647458831252e-05,0.0010179732099134732
553,112244,107,106,103,119,-1.4774395402910253e-05,-0.0010179558432605164
554,112446,108,111,94,120,2.2162065711405158e-05,0.0015269663275158155
555,112646,104,112,0,0,2.9549546979978913e-05,0.0020359637869205474
556,112850,107,106,103,118,-1.4774395402910253e-05,-0.0010179558432605164
557,113054,107,111,87,118,2.2162065711405158e-05,0.0015269663275158155
558,113254,106,106,103,118,-1.4774395402910253e-05,-0.0010179558432605164
559,113455,108,110,95,121,1.4774647458831252e-05,0.0010179732099134732
560,113656,109,110,97,121,1.4774647458831252e-05,0.0010179732099134732
561,113860,107,105,102,118,-2.216149858591951e-05,-0.0015269272525698543
562,114058,102,110,0,0,1.4774647458831252e-05,0.0010179732099134732
563,114258,107,106,102,119,-1.4774395402910253e-05,-0.0010179558432605164
564,114462,107,105,102,119,-2.216149858591951e-05,-0.0015269272525698543
565,114664,107,106,101,118,-1.4774395402910253e-05,-0.0010179558432605164
566,114868,106,105,102,119,-2.216149858591951e-05,-0.0015269272525698543
567,115067,106,105,102,119,-2.216149858591951e-05,-0.0015269272525698543
568,115270,108,110,93,123,1.4774647458831252e-05,0.0010179732099134732
569,115472,106,105,102,117,-2.216149858591951e-05,-0.0015269272525698543
570,115674,105,111,93,114,2.2162065711405158e-05,0.0015269663275158155
571,115874,106,105,102,118,-2.216149858591951e-05,-0.0015269272525698543
572,116078,106,105,102,118,-2.216149858591951e-05,-0.0015269272525698543
573,116278,107,105,102,118,-2.216149858591951e-05,-0.0015269272525698543
574,116481,106,105,101,118,-2.216149858591951e-05,-0.0015269272525698543
575,116683,106,105,101,118,-2.216149858591951e-05,-0.0015269272525698543
576,116884,106,110,94,114,1.4774647458831252e-05,0.0010179732099134732
577,117085,108,110,95,120,1.4774647458831252e-05,0.0010179732099134732
578,117288,104,109,25,114,7.387292222257201e-06,0.0005089844341135211
579,117492,106,105,102,117,-2.216149858591951e-05,-0.0015269272525698543
580,117693,101,110,0,0,1.4774647458831252e-05,0.0010179732099134732
581,117897,105,105,102,118,-2.216149858591951e-05,-0.0015269272525698543
582,118096,105,105,102,118,-2.216149858591951e-05,-0.0015269272525698543
583,118299,106,110,94,118,1.4774647458831252e-05,0.0010179732099134732
584,118500,102,110,0,0,1.4774647458831252e-05,0.0010179732099134732
585,118700,108,110,96,119,1.4774647458831252e-05,0.0010179732099134732
586,118902,106,107,32,18,-7.3872292079403505e-06,-0.0005089800924270902
587,119104,106,105,102,117,-2.216149858591951e-05,-0.0015269272525698543
588,119305,106,110,92,112,1.4774647458831252e-05,0.0010179732099134732
589,119505,106,105,101,117,-2.216149858591951e-05,-0.0015269272525698543
590,119706,106,105,102,117,-2.216149858591951e-05,-0.0015269272525698543
591,119905,103,111,46,0,2.2162065711405158e-05,0.0015269663275158155
592,120111,106,106,102,117,-1.4774395402910253e-05,-0.0010179558432605164
593,120312,106,110,94,113,1.4774647458831252e-05,0.0010179732099134732
594,120513,105,105,101,118,-2.216149858591951e-05,-0.0015269272525698543
595,120714,106,105,102,119,-2.216149858591951e-05,-0.0015269272525698543
596,120916,105,105,102,118,-2.216149858591951e-05,-0.0015269272525698543
597,121116,107,111,95,111,2.2162065711405158e-05,0.0015269663275158155
598,121319,106,105,101,118,-2.216149858591951e-05,-0.0015269272525698543
599,121519,105,106,102,119,-1.4774395402910253e-05,-0.0010179558432605164
600,121722,102,109,0,108,7.387292222257201e-06,0.0005089844341135211
601,121923,105,109,0,114,7.387292222257201e-06,0.0005089844341135211
602,122123,106,105,101,118,-2.216149858591951e-05,-0.0015269272525698543
603,122322,109,112,98,119,2.9549546979978913e-05,0.0020359637869205474
604,122526,106,109,3,114,7.387292222257201e-06,0.0005089844341135211
605,122728,107,108,100,118,0.0,0.0
606,122927,106,105,101,118,-2.216149858591951e-05,-0.0015269272525698543
607,123131,106,105,101,119,-2.216149858591951e-05,-0.0015269272525698543
608,123331,104,110,9,0,1.4774647458831252e-05,0.0010179732099134732
609,123532,108,110,85,119,1.4774647458831252e-05,0.0010179732099134732
610,123734,106,105,101,118,-2.216149858591951e-05,-0.0015269272525698543
611,123939,106,105,101,118,-2.216149858591951e-05,-0.0015269272525698543
612,124139,106,105,101,118,-2.216149858591951e-05,-0.0015269272525698543
613,124340,105,110,92,0,1.4774647458831252e-05,0.0010179732099134732
614,124546,106,105,101,119,-2.216149858591951e-05,-0.0015269272525698543
615,124748,99,110,0,0,1.4774647458831252e-05,0.0010179732099134732
616,124947,109,110,94,118,1.4774647458831252e-05,0.0010179732099134732
617,125153,106,110,97,118,1.4774647458831252e-05,0.0010179732099134732
618,125357,105,105,101,118,-2.216149858591951e-05,-0.0015269272525698543
619,125557,103,110,0,0,1.4774647458831252e-05,0.0010179732099134732
620,125755,106,105,101,118,-2.216149858591951e-05,-0.0015269272525698543
621,125957,105,110,54,27,1.4774647458831252e-05,0.0010179732099134732
622,126158,105,104,101,117,-2.954853875730472e-05,-0.0020358943203782954
623,126359,101,109,0,0,7.387292222257201e-06,0.0005089844341135211
624,126559,106,110,0,115,1.4774647458831252e-05,0.0010179732099134732
625,126761,107,109,85,118,7.387292222257201e-06,0.0005089844341135211
626,126964,105,104,101,118,-2.954853875730472e-05,-0.0020358943203782954
627,127166,106,104,101,119,-2.954853875730472e-05,-0.0020358943203782954
628,127371,107,110,95,114,1.4774647458831252e-05,0.0010179732099134732
629,127570,105,105,101,118,-2.216149858591951e-05,-0.0015269272525698543
630,127772,106,104,101,118,-2.954853875730472e-05,-0.0020358943203782954
631,127973,105,105,101,119,-2.216149858591951e-05,-0.0015269272525698543
632,128175,111,100,90,83,-5.909606934410833e-05,-0.004071719177809064
633,128371,116,103,0,78,-3.693551591807569e-05,-0.0025448570467554153
634,128575,115,99,95,64,-6.648279446982754e-05,-0.004580664538971118
635,128777,115,99,95,53,-6.648279446982754e-05,-0.004580664538971118
636,128977,114,99,95,48,-6.648279446982754e-05,-0.004580664538971118
637,129176,112,98,0,44,-7.38694565893083e-05,-0.0050896055590033415
638,129376,113,99,95,39,-6.648279446982754e-05,-0.004580664538971118
639,129575,112,99,74,33,-6.648279446982754e-05,-0.004580664538971118
640,129776,113,99,95,31,-6.648279446982754e-05,-0.004580664538971118
641,129976,112,98,0,29,-7.38694565893083e-05,-0.0050896055590033415
642,130179,113,99,95,24,-6.648279446982754e-05,-0.004580664538971118
643,130378,112,99,95,19,-6.648279446982754e-05,-0.004580664538971118
644,130580,112,99,95,18,-6.648279446982754e-05,-0.004580664538971118
645,130784,113,99,95,15,-6.648279446982754e-05,-0.004580664538971118
646,130988,115,99,95,15,-6.648279446982754e-05,-0.004580664538971118
647,131186,115,99,95,11,-6.648279446982754e-05,-0.004580664538971118
648,131388,116,99,95,9,-6.648279446982754e-05,-0.004580664538971118
649,131590,117,98,0,10,-7.38694565893083e-05,-0.0050896055590033415
650,131792,119,99,95,8,-6.648279446982754e-05,-0.004580664538971118
651,131993,119,98,0,5,-7.38694565893083e-05,-0.0050896055590033415
652,132193,123,99,95,5,-6.648279446982754e-05,-0.004580664538971118
653,132393,126,99,95,3,-6.648279446982754e-05,-0.004580664538971118
654,132598,130,99,95,4,-6.648279446982754e-05,-0.004580664538971118
655,132797,130,98,0,3,-7.38694565893083e-05,-0.0050896055590033415
656,133000,133,99,95,1,-6.648279446982754e-05,-0.004580664538971118
657,133200,133,98,0,4,-7.38694565893083e-05,-0.0050896055590033415
658,133401,135,98,0,255,-7.38694565893083e-05,-0.0050896055590033415
659,133601,137,99,95,0,-6.648279446982754e-05,-0.004580664538971118
660,133799,138,99,95,255,-6.648279446982754e-05,-0.004580664538971118
661,134001,140,99,95,0,-6.648279446982754e-05,-0.004580664538971118
662,134204,142,99,95,0,-6.648279446982754e-05,-0.004580664538971118
663,134404,142,99,0,0,-6.648279446982754e-05,-0.004580664538971118
664,134605,144,98,0,0,-7.38694565893083e-05,-0.0050896055590033415
665,134808,146,98,0,1,-7.38694565893083e-05,-0.0050896055590033415
666,135010,148,99,95,2,-6.648279446982754e-05,-0.004580664538971118
667,135213,148,99,95,4,-6.648279446982754e-05,-0.004580664538971118
668,135415,148,99,95,2,-6.648279446982754e-05,-0.004580664538971118
669,135617,146,99,96,7,-6.648279446982754e-05,-0.004580664538971118
670,135819,145,98,0,5,-7.38694565893083e-05,-0.0050896055590033415
671,136020,145,99,96,10,-6.648279446982754e-05,-0.004580664538971118
672,136222,145,99,95,10,-6.648279446982754e-05,-0.004580664538971118
673,136423,144,99,0,17,-6.648279446982754e-05,-0.004580664538971118
674,136623,145,99,96,18,-6.648279446982754e-05,-0.004580664538971118
675,136826,145,99,96,20,-6.648279446982754e-05,-0.004580664538971118
676,137026,144,99,96,21,-6.648279446982754e-05,-0.004580664538971118
677,137226,144,99,96,25,-6.648279446982754e-05,-0.004580664538971118
678,137426,143,99,0,25,-6.648279446982754e-05,-0.004580664538971118
679,137630,145,99,95,30,-6.648279446982754e-05,-0.004580664538971118
680,137827,143,98,0,31,-7.38694565893083e-05,-0.0050896055590033415
681,138031,143,99,96,37,-6.648279446982754e-05,-0.004580664538971118
682,138232,144,99,96,41,-6.648279446982754e-05,-0.004580664538971118
683,138435,144,99,96,47,-6.648279446982754e-05,-0.004580664538971118
684,138636,144,98,0,53,-7.38694565893083e-05,-0.0050896055590033415
685,138836,146,99,96,56,-6.648279446982754e-05,-0.004580664538971118
686,139038,145,98,0,56,-7.38694565893083e-05,-0.0050896055590033415
687,139240,145,100,96,58,-5.909606934410833e-05,-0.004071719177809064
688,139439,144,98,0,58,-7.38694565893083e-05,-0.0050896055590033415
689,139642,144,99,96,60,-6.648279446982754e-05,-0.004580664538971118
690,139844,144,99,96,60,-6.648279446982754e-05,-0.004580664538971118
691,140044,143,99,96,59,-6.648279446982754e-05,-0.004580664538971118
692,140244,143,98,0,59,-7.38694565893083e-05,-0.0050896055590033415
693,140446,143,99,96,59,-6.648279446982754e-05,-0.004580664538971118
694,140646,142,98,0,57,-7.38694565893083e-05,-0.0050896055590033415
695,140847,142,99,96,59,-6.648279446982754e-05,-0.004580664538971118
696,141052,142,98,0,60,-7.38694565893083e-05,-0.0050896055590033415
697,141253,144,99,96,63,-6.648279446982754e-05,-0.004580664538971118
698,141455,144,99,96,65,-6.648279446982754e-05,-0.004580664538971118
699,141655,143,98,0,64,-7.38694565893083e-05,-0.0050896055590033415
700,141857,142,99,96,67,-6.648279446982754e-05,-0.004580664538971118
701,142057,142,99,96,65,-6.648279446982754e-05,-0.004580664538971118
702,142257,142,99,96,68,-6.648279446982754e-05,-0.004580664538971118
703,142458,142,99,96,67,-6.648279446982754e-05,-0.004580664538971118
704,142660,139,99,0,67,-6.648279446982754e-05,-0.004580664538971118
705,142863,140,99,96,66,-6.648279446982754e-05,-0.004580664538971118
706,143063,139,99,96,66,-6.648279446982754e-05,-0.004580664538971118
707,143266,139,99,96,64,-6.648279446982754e-05,-0.004580664538971118
708,143466,138,98,0,64,-7.38694565893083e-05,-0.0050896055590033415
709,143668,138,99,96,59,-6.648279446982754e-05,-0.004580664538971118
710,143870,137,98,0,59,-7.38694565893083e-05,-0.0050896055590033415
711,144074,138,99,96,60,-6.648279446982754e-05,-0.004580664538971118
712,144275,136,98,0,60,-7.38694565893083e-05,-0.0050896055590033415
713,144475,137,99,96,60,-6.648279446982754e-05,-0.004580664538971118
714,144678,137,99,96,60,-6.648279446982754e-05,-0.004580664538971118
715,144879,137,99,96,59,-6.648279446982754e-05,-0.004580664538971118
716,145082,138,100,96,60,-5.909606934410833e-05,-0.004071719177809064
717,145285,139,99,96,56,-6.648279446982754e-05,-0.004580664538971118
718,145485,139,98,0,56,-7.38694565893083e-05,-0.0050896055590033415
719,145686,139,98,0,57,-7.38694565893083e-05,-0.0050896055590033415
720,145887,138,99,0,57,-6.648279446982754e-05,-0.004580664538971118
721,146088,138,100,96,53,-5.909606934410833e-05,-0.004071719177809064
722,146289,137,100,96,55,-5.909606934410833e-05,-0.004071719177809064
723,146491,137,98,0,54,-7.38694565893083e-05,-0.0050896055590033415
724,146691,138,100,96,54,-5.909606934410833e-05,-0.004071719177809064
725,146893,138,100,96,50,-5.909606934410833e-05,-0.004071719177809064
726,147096,138,100,96,53,-5.909606934410833e-05,-0.004071719177809064
727,147297,138,99,0,50,-6.648279446982754e-05,-0.004580664538971118
728,147496,137,99,0,52,-6.648279446982754e-05,-0.004580664538971118
729,147700,139,100,96,53,-5.909606934410833e-05,-0.004071719177809064
730,147902,139,100,96,52,-5.909606934410833e-05,-0.004071719177809064
731,148103,140,100,96,51,-5.909606934410833e-05,-0.004071719177809064
732,148304,142,100,96,51,-5.909606934410833e-05,-0.004071719177809064
733,148503,142,99,0,48,-6.648279446982754e-05,-0.004580664538971118
734,148704,145,99,0,49,-6.648279446982754e-05,-0.004580664538971118
735,148904,147,100,96,49,-5.909606934410833e-05,-0.004071719177809064
736,149105,147,98,0,51,-7.38694565893083e-05,-0.0050896055590033415
737,149307,148,100,96,51,-5.909606934410833e-05,-0.004071719177809064
738,149508,148,100,96,51,-5.909606934410833e-05,-0.004071719177809064
739,149709,148,100,96,50,-5.909606934410833e-05,-0.004071719177809064
740,149912,148,100,96,48,-5.909606934410833e-05,-0.004071719177809064
741,150114,148,100,96,50,-5.909606934410833e-05,-0.004071719177809064
742,150315,148,99,0,48,-6.648279446982754e-05,-0.004580664538971118
743,150517,148,98,0,48,-7.38694565893083e-05,-0.0050896055590033415
744,150719,148,99,0,48,-6.648279446982754e-05,-0.004580664538971118
745,150922,149,100,96,50,-5.909606934410833e-05,-0.004071719177809064
746,151123,150,100,96,50,-5.909606934410833e-05,-0.004071719177809064
747,151326,151,100,96,49,-5.909606934410833e-05,-0.004071719177809064
748,151526,153,100,96,50,-5.909606934410833e-05,-0.004071719177809064
749,151727,154,100,96,50,-5.909606934410833e-05,-0.004071719177809064
750,151928,155,98,4,45,-7.38694565893083e-05,-0.0050896055590033415
751,152129,157,100,96,50,-5.909606934410833e-05,-0.004071719177809064
752,152329,157,99,0,51,-6.648279446982754e-05,-0.004580664538971118
753,152530,159,100,96,52,-5.909606934410833e-05,-0.004071719177809064
754,152737,159,98,0,50,-7.38694565893083e-05,-0.0050896055590033415
755,152938,159,100,96,50,-5.909606934410833e-05,-0.004071719177809064
756,153140,159,98,0,53,-7.38694565893083e-05,-0.0050896055590033415
757,153341,159,99,13,49,-6.648279446982754e-05,-0.004580664538971118
758,153543,159,100,96,52,-5.909606934410833e-05,-0.004071719177809064
759,153745,159,100,96,51,-5.909606934410833e-05,-0.004071719177809064
760,153946,158,99,0,52,-6.648279446982754e-05,-0.004580664538971118
761,154149,160,100,96,52,-5.909606934410833e-05,-0.004071719177809064
762,154351,161,100,97,52,-5.909606934410833e-05,-0.004071719177809064
763,154554,163,100,96,53,-5.909606934410833e-05,-0.004071719177809064
764,154754,165,100,96,52,-5.909606934410833e-05,-0.004071719177809064
765,154956,166,100,97,48,-5.909606934410833e-05,-0.004071719177809064
766,155159,166,99,0,51,-6.648279446982754e-05,-0.004580664538971118
767,155361,167,99,0,54,-6.648279446982754e-05,-0.004580664538971118
768,155559,168,99,0,56,-6.648279446982754e-05,-0.004580664538971118
769,155764,171,100,96,58,-5.909606934410833e-05,-0.004071719177809064
770,155966,171,100,97,60,-5.909606934410833e-05,-0.004071719177809064
771,156169,173,100,97,61,-5.909606934410833e-05,-0.004071719177809064
772,156370,173,98,0,62,-7.38694565893083e-05,-0.0050896055590033415
773,156573,172,99,72,58,-6.648279446982754e-05,-0.004580664538971118
774,156775,174,100,97,66,-5.909606934410833e-05,-0.004071719177809064
775,156975,175,100,97,66,-5.909606934410833e-05,-0.004071719177809064
776,157177,174,98,0,69,-7.38694565893083e-05,-0.0050896055590033415
777,157380,175,100,97,75,-5.909606934410833e-05,-0.004071719177809064
778,157582,175,98,0,74,-7.38694565893083e-05,-0.0050896055590033415
779,157785,174,98,0,78,-7.38694565893083e-05,-0.0050896055590033415
780,157987,175,98,0,81,-7.38694565893083e-05,-0.0050896055590033415
781,158189,176,100,97,88,-5.909606934410833e-05,-0.004071719177809064
782,158389,175,98,0,89,-7.38694565893083e-05,-0.0050896055590033415
783,158589,174,98,0,92,-7.38694565893083e-05,-0.0050896055590033415
784,158793,175,100,88,94,-5.909606934410833e-05,-0.004071719177809064
785,158994,175,100,97,101,-5.909606934410833e-05,-0.004071719177809064
786,159194,176,100,97,104,-5.909606934410833e-05,-0.004071719177809064
787,159398,176,100,97,108,-5.909606934410833e-05,-0.004071719177809064
788,159601,177,100,97,110,-5.909606934410833e-05,-0.004071719177809064
789,159805,178,100,97,113,-5.909606934410833e-05,-0.004071719177809064
790,160004,179,100,97,119,-5.909606934410833e-05,-0.004071719177809064
791,160207,180,98,0,120,-7.38694565893083e-05,-0.0050896055590033415
792,160409,180,99,0,125,-6.648279446982754e-05,-0.004580664538971118
793,160612,181,100,97,128,-5.909606934410833e-05,-0.004071719177809064
794,160813,182,100,97,136,-5.909606934410833e-05,-0.004071719177809064
795,161014,183,100,97,139,-5.909606934410833e-05,-0.004071719177809064
796,161214,183,100,97,141,-5.909606934410833e-05,-0.004071719177809064
797,161417,183,100,97,141,-5.909606934410833e-05,-0.004071719177809064
798,161616,184,100,97,148,-5.909606934410833e-05,-0.004071719177809064
799,161817,184,98,0,148,-7.38694565893083e-05,-0.0050896055590033415
800,162020,185,98,0,154,-7.38694565893083e-05,-0.0050896055590033415
801,162223,186,100,97,160,-5.909606934410833e-05,-0.004071719177809064
802,162424,187,101,97,165,-5.170928121046769e-05,-0.003562769475401224
803,162624,188,100,97,169,-5.909606934410833e-05,-0.004071719177809064
804,162825,187,100,97,173,-5.909606934410833e-05,-0.004071719177809064
805,163027,188,100,97,178,-5.909606934410833e-05,-0.004071719177809064
806,163230,187,99,0,176,-6.648279446982754e-05,-0.004580664538971118
807,163432,190,100,97,176,-5.909606934410833e-05,-0.004071719177809064
808,163632,190,98,0,177,-7.38694565893083e-05,-0.0050896055590033415
809,163833,191,100,97,177,-5.909606934410833e-05,-0.004071719177809064
810,164029,192,100,97,176,-5.909606934410833e-05,-0.004071719177809064
811,164235,191,98,0,174,-7.38694565893083e-05,-0.0050896055590033415
812,164436,192,100,97,176,-5.909606934410833e-05,-0.004071719177809064
813,164640,194,100,97,175,-5.909606934410833e-05,-0.004071719177809064
814,164841,195,100,97,174,-5.909606934410833e-05,-0.004071719177809064
815,165045,196,98,0,172,-7.38694565893083e-05,-0.0050896055590033415
816,165243,195,99,0,174,-6.648279446982754e-05,-0.004580664538971118
817,165445,196,100,97,174,-5.909606934410833e-05,-0.004071719177809064
818,165644,196,100,97,174,-5.909606934410833e-05,-0.004071719177809064
819,165842,197,100,97,173,-5.909606934410833e-05,-0.004071719177809064
820,166047,197,98,0,173,-7.38694565893083e-05,-0.0050896055590033415
821,166248,198,100,97,169,-5.909606934410833e-05,-0.004071719177809064
822,166450,198,100,97,173,-5.909606934410833e-05,-0.004071719177809064
823,166653,199,100,97,172,-5.909606934410833e-05,-0.004071719177809064
824,166857,198,98,0,172,-7.38694565893083e-05,-0.0050896055590033415
825,167059,199,100,97,173,-5.909606934410833e-05,-0.004071719177809064
826,167259,200,100,97,174,-5.909606934410833e-05,-0.004071719177809064
827,167457,200,100,97,172,-5.909606934410833e-05,-0.004071719177809064
828,167661,201,100,97,172,-5.909606934410833e-05,-0.004071719177809064
829,167863,201,100,97,168,-5.909606934410833e-05,-0.004071719177809064
830,168061,202,100,97,171,-5.909606934410833e-05,-0.004071719177809064
831,168267,202,98,0,169,-7.38694565893083e-05,-0.0050896055590033415
832,168469,202,98,0,169,-7.38694565893083e-05,-0.0050896055590033415
833,168672,203,100,97,168,-5.909606934410833e-05,-0.004071719177809064
834,168871,204,100,97,167,-5.909606934410833e-05,-0.004071719177809064
835,169076,201,98,0,163,-7.38694565893083e-05,-0.0050896055590033415
836,169276,198,98,0,165,-7.38694565893083e-05,-0.0050896055590033415
837,169479,200,100,97,164,-5.909606934410833e-05,-0.004071719177809064
838,169682,206,100,97,163,-5.909606934410833e-05,-0.004071719177809064
839,169887,207,98,0,160,-7.38694565893083e-05,-0.0050896055590033415
840,170089,208,98,0,159,-7.38694565893083e-05,-0.0050896055590033415
841,170290,210,101,97,162,-5.170928121046769e-05,-0.003562769475401224
842,170493,211,101,97,161,-5.170928121046769e-05,-0.003562769475401224
843,170696,212,101,97,161,-5.170928121046769e-05,-0.003562769475401224
844,170894,211,99,0,160,-6.648279446982754e-05,-0.004580664538971118
845,171094,213,100,97,157,-5.909606934410833e-05,-0.004071719177809064
846,171297,213,99,0,158,-6.648279446982754e-05,-0.004580664538971118
847,171503,213,98,0,158,-7.38694565893083e-05,-0.0050896055590033415
848,171704,215,98,0,158,-7.38694565893083e-05,-0.0050896055590033415
849,171905,215,101,97,161,-5.170928121046769e-05,-0.003562769475401224
850,172107,216,101,97,162,-5.170928121046769e-05,-0.003562769475401224
851,172308,217,101,97,162,-5.170928121046769e-05,-0.003562769475401224
852,172509,218,101,97,161,-5.170928121046769e-05,-0.003562769475401224
853,172712,218,101,97,161,-5.170928121046769e-05,-0.003562769475401224
854,172916,219,101,97,159,-5.170928121046769e-05,-0.003562769475401224
855,173118,219,98,0,156,-7.38694565893083e-05,-0.0050896055590033415
856,173321,220,101,97,153,-5.170928121046769e-05,-0.003562769475401224
857,173522,221,98,0,158,-7.38694565893083e-05,-0.0050896055590033415
858,173723,222,99,0,153,-6.648279446982754e-05,-0.004580664538971118
859,173929,223,101,97,156,-5.170928121046769e-05,-0.003562769475401224
860,174129,224,101,97,155,-5.170928121046769e-05,-0.003562769475401224
861,174333,224,101,97,155,-5.170928121046769e-05,-0.003562769475401224
862,174534,223,100,29,153,-5.909606934410833e-05,-0.004071719177809064
863,174735,224,101,97,154,-5.170928121046769e-05,-0.003562769475401224
864,174935,224,101,97,150,-5.170928121046769e-05,-0.003562769475401224
865,175134,224,99,23,156,-6.648279446982754e-05,-0.004580664538971118
866,175335,224,101,97,152,-5.170928121046769e-05,-0.003562769475401224
867,175534,223,98,0,151,-7.38694565893083e-05,-0.0050896055590033415
868,175736,225,98,0,151,-7.38694565893083e-05,-0.0050896055590033415
869,175940,226,101,97,151,-5.170928121046769e-05,-0.003562769475401224
870,176143,227,98,0,147,-7.38694565893083e-05,-0.0050896055590033415
871,176344,226,99,0,148,-6.648279446982754e-05,-0.004580664538971118
872,176545,227,98,0,148,-7.38694565893083e-05,-0.0050896055590033415
873,176746,228,101,97,152,-5.170928121046769e-05,-0.003562769475401224
874,176944,228,101,97,152,-5.170928121046769e-05,-0.003562769475401224
875,177147,228,101,97,151,-5.170928121046769e-05,-0.003562769475401224
876,177350,228,101,97,152,-5.170928121046769e-05,-0.003562769475401224
877,177553,228,101,97,149,-5.170928121046769e-05,-0.003562769475401224
878,177755,228,101,97,151,-5.170928121046769e-05,-0.003562769475401224
879,177957,228,101,97,150,-5.170928121046769e-05,-0.003562769475401224
880,178153,228,99,2,149,-6.648279446982754e-05,-0.004580664538971118
881,178357,229,101,97,151,-5.170928121046769e-05,-0.003562769475401224
882,178556,229,101,97,151,-5.170928121046769e-05,-0.003562769475401224
883,178759,229,101,97,150,-5.170928121046769e-05,-0.003562769475401224
884,178958,229,101,97,151,-5.170928121046769e-05,-0.003562769475401224
885,179162,229,101,97,152,-5.170928121046769e-05,-0.003562769475401224
886,179363,228,99,0,148,-6.648279446982754e-05,-0.004580664538971118
887,179562,229,101,97,152,-5.170928121046769e-05,-0.003562769475401224
888,179765,228,98,0,151,-7.38694565893083e-05,-0.0050896055590033415
889,179966,228,101,97,154,-5.170928121046769e-05,-0.003562769475401224
890,180169,228,101,97,154,-5.170928121046769e-05,-0.003562769475401224
891,180370,228,101,97,153,-5.170928121046769e-05,-0.003562769475401224
892,180570,228,101,97,153,-5.170928121046769e-05,-0.003562769475401224
893,180773,228,101,97,149,-5.170928121046769e-05,-0.003562769475401224
894,180974,228,101,97,152,-5.170928121046769e-05,-0.003562769475401224
895,181176,227,99,0,150,-6.648279446982754e-05,-0.004580664538971118
896,181378,227,99,0,154,-6.648279446982754e-05,-0.004580664538971118
897,181578,228,101,97,155,-5.170928121046769e-05,-0.003562769475401224
898,181781,228,101,97,154,-5.170928121046769e-05,-0.003562769475401224
899,181983,228,101,97,154,-5.170928121046769e-05,-0.003562769475401224
900,182184,228,101,97,154,-5.170928121046769e-05,-0.003562769475401224
901,182384,228,101,97,149,-5.170928121046769e-05,-0.003562769475401224
902,182587,227,101,98,153,-5.170928121046769e-05,-0.003562769475401224
903,182786,228,101,98,151,-5.170928121046769e-05,-0.003562769475401224
904,182988,227,99,0,152,-6.648279446982754e-05,-0.004580664538971118
905,183191,229,101,98,153,-5.170928121046769e-05,-0.003562769475401224
906,183392,230,99,0,150,-6.648279446982754e-05,-0.004580664538971118
907,183592,230,101,98,152,-5.170928121046769e-05,-0.003562769475401224
908,183796,231,101,97,149,-5.170928121046769e-05,-0.003562769475401224
909,183992,231,99,0,147,-6.648279446982754e-05,-0.004580664538971118
910,184196,231,99,0,146,-6.648279446982754e-05,-0.004580664538971118
911,184398,232,99,0,146,-6.648279446982754e-05,-0.004580664538971118
912,184600,234,99,0,149,-6.648279446982754e-05,-0.004580664538971118
913,184801,236,101,98,146,-5.170928121046769e-05,-0.003562769475401224
914,185000,237,101,97,145,-5.170928121046769e-05,-0.003562769475401224
915,185204,236,99,0,146,-6.648279446982754e-05,-0.004580664538971118
916,185404,235,101,97,141,-5.170928121046769e-05,-0.003562769475401224
917,185605,235,101,98,144,-5.170928121046769e-05,-0.003562769475401224
918,185807,235,101,97,143,-5.170928121046769e-05,-0.003562769475401224
919,186006,235,101,98,141,-5.170928121046769e-05,-0.003562769475401224
920,186209,234,99,0,145,-6.648279446982754e-05,-0.004580664538971118
921,186413,236,101,98,144,-5.170928121046769e-05,-0.003562769475401224
922,186614,237,99,0,143,-6.648279446982754e-05,-0.004580664538971118
923,186818,239,101,98,143,-5.170928121046769e-05,-0.003562769475401224
924,187018,240,99,0,146,-6.648279446982754e-05,-0.004580664538971118
925,187217,241,100,82,138,-5.909606934410833e-05,-0.004071719177809064
926,187417,242,101,98,143,-5.170928121046769e-05,-0.003562769475401224
927,187619,241,101,98,142,-5.170928121046769e-05,-0.003562769475401224
928,187819,239,99,0,147,-6.648279446982754e-05,-0.004580664538971118
929,188020,239,101,98,144,-5.170928121046769e-05,-0.003562769475401224
930,188221,238,101,98,144,-5.170928121046769e-05,-0.003562769475401224
931,188422,237,101,98,141,-5.170928121046769e-05,-0.003562769475401224
932,188625,237,101,98,141,-5.170928121046769e-05,-0.003562769475401224
933,188827,237,101,98,143,-5.170928121046769e-05,-0.003562769475401224
934,189029,237,99,0,140,-6.648279446982754e-05,-0.004580664538971118
935,189230,238,101,98,139,-5.170928121046769e-05,-0.003562769475401224
936,189429,238,99,0,145,-6.648279446982754e-05,-0.004580664538971118
937,189631,240,101,98,143,-5.170928121046769e-05,-0.003562769475401224
938,189834,241,101,98,142,-5.170928121046769e-05,-0.003562769475401224
939,190035,242,101,98,141,-5.170928121046769e-05,-0.003562769475401224
940,190238,242,101,98,140,-5.170928121046769e-05,-0.003562769475401224
941,190440,242,101,90,136,-5.170928121046769e-05,-0.003562769475401224
942,190643,242,99,21,138,-6.648279446982754e-05,-0.004580664538971118
943,190844,243,99,0,141,-6.648279446982754e-05,-0.004580664538971118
944,191049,243,99,0,139,-6.648279446982754e-05,-0.004580664538971118
945,191250,244,101,98,141,-5.170928121046769e-05,-0.003562769475401224
946,191450,244,101,98,141,-5.170928121046769e-05,-0.003562769475401224
947,191652,244,101,98,140,-5.170928121046769e-05,-0.003562769475401224
948,191851,244,101,98,137,-5.170928121046769e-05,-0.003562769475401224
949,192051,243,100,0,138,-5.909606934410833e-05,-0.004071719177809064
950,192253,243,99,0,137,-6.648279446982754e-05,-0.004580664538971118
951,192458,243,99,0,136,-6.648279446982754e-05,-0.004580664538971118
952,192660,242,100,0,139,-5.909606934410833e-05,-0.004071719177809064
953,192860,242,101,98,137,-5.170928121046769e-05,-0.003562769475401224
954,193063,241,99,0,135,-6.648279446982754e-05,-0.004580664538971118
955,193265,242,99,0,135,-6.648279446982754e-05,-0.004580664538971118
956,193468,243,101,98,135,-5.170928121046769e-05,-0.003562769475401224
957,193668,242,101,98,136,-5.170928121046769e-05,-0.003562769475401224
958,193868,242,99,0,137,-6.648279446982754e-05,-0.004580664538971118
959,194066,241,101,98,135,-5.170928121046769e-05,-0.003562769475401224
960,194270,239,99,0,139,-6.648279446982754e-05,-0.004580664538971118
961,194471,239,99,0,135,-6.648279446982754e-05,-0.004580664538971118
962,194676,239,101,98,136,-5.170928121046769e-05,-0.003562769475401224
963,194875,239,101,98,136,-5.170928121046769e-05,-0.003562769475401224
964,195077,238,101,98,134,-5.170928121046769e-05,-0.003562769475401224
965,195279,238,101,98,136,-5.170928121046769e-05,-0.003562769475401224
966,195480,237,99,0,136,-6.648279446982754e-05,-0.004580664538971118
967,195681,237,101,98,133,-5.170928121046769e-05,-0.003562769475401224
968,195881,236,99,0,138,-6.648279446982754e-05,-0.004580664538971118
969,196084,237,101,98,135,-5.170928121046769e-05,-0.003562769475401224
970,196286,237,101,98,136,-5.170928121046769e-05,-0.003562769475401224
971,196483,238,101,98,136,-5.170928121046769e-05,-0.003562769475401224
972,196688,238,101,98,135,-5.170928121046769e-05,-0.003562769475401224
973,196889,238,99,0,135,-6.648279446982754e-05,-0.004580664538971118
974,197093,240,101,98,134,-5.170928121046769e-05,-0.003562769475401224
975,197293,242,101,98,137,-5.170928121046769e-05,-0.003562769475401224
976,197494,243,99,0,143,-6.648279446982754e-05,-0.004580664538971118
977,197694,247,101,98,141,-5.170928121046769e-05,-0.003562769475401224
978,197895,248,101,98,136,-5.170928121046769e-05,-0.003562769475401224
979,198096,249,101,98,138,-5.170928121046769e-05,-0.003562769475401224
980,198298,250,101,98,142,-5.170928121046769e-05,-0.003562769475401224
981,198501,249,100,0,141,-5.909606934410833e-05,-0.004071719177809064
982,198703,251,101,98,141,-5.170928121046769e-05,-0.003562769475401224
983,198902,250,101,98,138,-5.170928121046769e-05,-0.003562769475401224
984,199103,250,101,98,139,-5.170928121046769e-05,-0.003562769475401224
985,199303,250,101,98,142,-5.170928121046769e-05,-0.003562769475401224
986,199506,249,101,98,142,-5.170928121046769e-05,-0.003562769475401224
987,199707,249,101,98,142,-5.170928121046769e-05,-0.003562769475401224
988,199910,249,101,98,143,-5.170928121046769e-05,-0.003562769475401224
989,200110,249,101,98,143,-5.170928121046769e-05,-0.003562769475401224
990,200312,248,101,98,142,-5.170928121046769e-05,-0.003562769475401224
991,200518,248,101,98,139,-5.170928121046769e-05,-0.003562769475401224
992,200718,247,99,0,145,-6.648279446982754e-05,-0.004580664538971118
993,200918,248,99,0,140,-6.648279446982754e-05,-0.004580664538971118
994,201123,249,101,98,143,-5.170928121046769e-05,-0.003562769475401224
995,201322,249,101,98,142,-5.170928121046769e-05,-0.003562769475401224
996,201524,248,101,98,141,-5.170928121046769e-05,-0.003562769475401224
997,201725,248,101,98,144,-5.170928121046769e-05,-0.003562769475401224
998,201927,247,99,0,142,-6.648279446982754e-05,-0.004580664538971118
999,202129,249,101,98,140,-5.170928121046769e-05,-0.003562769475401224
1000,202330,250,101,98,146,-5.170928121046769e-05,-0.003562769475401224
1001,202531,251,99,0,144,-6.648279446982754e-05,-0.004580664538971118
1002,202733,253,101,98,148,-5.170928121046769e-05,-0.003562769475401224
1003,202934,254,101,98,149,-5.170928121046769e-05,-0.003562769475401224
1004,203133,254,101,98,150,-5.170928121046769e-05,-0.003562769475401224
1005,203335,255,101,98,151,-5.170928121046769e-05,-0.003562769475401224
1006,203537,254,100,0,152,-5.909606934410833e-05,-0.004071719177809064
1007,203737,254,99,0,152,-6.648279446982754e-05,-0.004580664538971118
1008,203938,253,101,98,152,-5.170928121046769e-05,-0.003562769475401224
1009,204140,252,101,98,151,-5.170928121046769e-05,-0.003562769475401224
1010,204342,251,101,98,152,-5.170928121046769e-05,-0.003562769475401224
1011,204545,250,99,0,154,-6.648279446982754e-05,-0.004580664538971118
1012,204746,251,101,98,153,-5.170928121046769e-05,-0.003562769475401224
1013,204946,251,99,0,150,-6.648279446982754e-05,-0.004580664538971118
1014,205148,252,101,98,153,-5.170928121046769e-05,-0.003562769475401224
1015,205349,252,101,46,153,-5.170928121046769e-05,-0.003562769475401224
1016,205549,252,101,98,155,-5.170928121046769e-05,-0.003562769475401224
1017,205752,252,101,98,155,-5.170928121046769e-05,-0.003562769475401224
1018,205952,253,101,98,154,-5.170928121046769e-05,-0.003562769475401224
1019,206150,253,99,0,156,-6.648279446982754e-05,-0.004580664538971118
1020,206353,253,101,98,150,-5.170928121046769e-05,-0.003562769475401224
1021,206555,252,100,0,152,-5.909606934410833e-05,-0.004071719177809064
1022,206758,253,101,98,152,-5.170928121046769e-05,-0.003562769475401224
1023,206959,252,99,0,154,-6.648279446982754e-05,-0.004580664538971118
1024,207153,252,101,98,155,-5.170928121046769e-05,-0.003562769475401224
1025,207363,250,99,0,152,-6.648279446982754e-05,-0.004580664538971118
1026,207561,250,101,98,155,-5.170928121046769e-05,-0.003562769475401224
1027,207760,250,101,98,154,-5.170928121046769e-05,-0.003562769475401224
1028,207964,250,101,98,151,-5.170928121046769e-05,-0.003562769475401224
1029,208168,248,99,0,155,-6.648279446982754e-05,-0.004580664538971118
1030,208369,248,101,98,155,-5.170928121046769e-05,-0.003562769475401224
1031,208572,246,99,0,156,-6.648279446982754e-05,-0.004580664538971118
1032,208774,246,101,98,156,-5.170928121046769e-05,-0.003562769475401224
1033,208973,245,101,98,156,-5.170928121046769e-05,-0.003562769475401224
1034,209175,244,101,98,156,-5.170928121046769e-05,-0.003562769475401224
1035,209374,244,99,0,157,-6.648279446982754e-05,-0.004580664538971118
1036,209575,244,101,98,154,-5.170928121046769e-05,-0.003562769475401224
1037,209777,244,101,98,158,-5.170928121046769e-05,-0.003562769475401224
1038,209978,244,101,98,157,-5.170928121046769e-05,-0.003562769475401224
1039,210173,243,100,0,161,-5.909606934410833e-05,-0.004071719177809064
1040,210379,244,101,98,158,-5.170928121046769e-05,-0.003562769475401224
1041,210583,243,101,98,159,-5.170928121046769e-05,-0.003562769475401224
1042,210785,242,101,98,156,-5.170928121046769e-05,-0.003562769475401224
1043,210983,241,101,98,159,-5.170928121046769e-05,-0.003562769475401224
1044,211186,241,101,98,154,-5.170928121046769e-05,-0.003562769475401224
1045,211387,240,101,98,158,-5.170928121046769e-05,-0.003562769475401224
1046,211588,239,100,0,156,-5.909606934410833e-05,-0.004071719177809064
1047,211789,239,100,0,160,-5.909606934410833e-05,-0.004071719177809064
1048,211986,239,101,98,159,-5.170928121046769e-05,-0.003562769475401224
1049,212191,239,101,98,159,-5.170928121046769e-05,-0.003562769475401224
1050,212392,238,101,98,157,-5.170928121046769e-05,-0.003562769475401224
1051,212594,237,101,98,159,-5.170928121046769e-05,-0.003562769475401224
1052,212798,237,101,98,155,-5.170928121046769e-05,-0.003562769475401224
1053,212998,237,102,98,159,-4.432243006856901e-05,-0.003053815431724405
1054,213201,236,100,0,159,-5.909606934410833e-05,-0.004071719177809064
1055,213405,236,99,0,160,-6.648279446982754e-05,-0.004580664538971118
1056,213606,237,101,98,156,-5.170928121046769e-05,-0.003562769475401224
1057,213805,237,101,98,159,-5.170928121046769e-05,-0.003562769475401224
1058,214010,237,101,98,160,-5.170928121046769e-05,-0.003562769475401224
1059,214211,236,99,0,161,-6.648279446982754e-05,-0.004580664538971118
1060,214411,236,101,98,155,-5.170928121046769e-05,-0.003562769475401224
1061,214611,235,101,98,159,-5.170928121046769e-05,-0.003562769475401224
1062,214814,234,99,0,158,-6.648279446982754e-05,-0.004580664538971118
1063,215014,233,100,0,160,-5.909606934410833e-05,-0.004071719177809064
1064,215216,233,101,98,158,-5.170928121046769e-05,-0.003562769475401224
1065,215418,232,99,0,156,-6.648279446982754e-05,-0.004580664538971118
1066,215621,233,101,98,158,-5.170928121046769e-05,-0.003562769475401224
1067,215822,231,99,0,160,-6.648279446982754e-05,-0.004580664538971118
1068,216025,231,102,98,153,-4.432243006856901e-05,-0.003053815431724405
1069,216225,230,99,0,156,-6.648279446982754e-05,-0.004580664538971118
1070,216426,230,101,98,156,-5.170928121046769e-05,-0.003562769475401224
1071,216632,229,100,0,156,-5.909606934410833e-05,-0.004071719177809064
1072,216833,229,102,98,153,-4.432243006856901e-05,-0.003053815431724405
1073,217029,229,102,98,157,-4.432243006856901e-05,-0.003053815431724405
1074,217234,228,102,98,157,-4.432243006856901e-05,-0.003053815431724405
1075,217434,228,102,98,157,-4.432243006856901e-05,-0.003053815431724405
1076,217634,227,102,98,151,-4.432243006856901e-05,-0.003053815431724405
1077,217838,227,99,0,154,-6.648279446982754e-05,-0.004580664538971118
1078,218040,227,102,98,155,-4.432243006856901e-05,-0.003053815431724405
1079,218242,226,100,0,157,-5.909606934410833e-05,-0.004071719177809064
1080,218442,227,102,98,156,-4.432243006856901e-05,-0.003053815431724405
1081,218642,227,102,98,157,-4.432243006856901e-05,-0.003053815431724405
1082,218842,227,102,98,156,-4.432243006856901e-05,-0.003053815431724405
1083,219045,227,102,98,154,-4.432243006856901e-05,-0.003053815431724405
1084,219246,227,102,98,150,-4.432243006856901e-05,-0.003053815431724405
1085,219445,227,102,99,155,-4.432243006856901e-05,-0.003053815431724405
1086,219645,227,102,98,154,-4.432243006856901e-05,-0.003053815431724405
1087,219849,226,100,0,157,-5.909606934410833e-05,-0.004071719177809064
1088,220050,227,102,98,155,-4.432243006856901e-05,-0.003053815431724405
1089,220251,227,102,98,154,-4.432243006856901e-05,-0.003053815431724405
1090,220451,227,102,98,154,-4.432243006856901e-05,-0.003053815431724405
1091,220653,226,102,98,152,-4.432243006856901e-05,-0.003053815431724405
1092,220853,225,100,45,149,-5.909606934410833e-05,-0.004071719177809064
1093,221054,226,102,98,154,-4.432243006856901e-05,-0.003053815431724405
1094,221256,226,99,0,155,-6.648279446982754e-05,-0.004580664538971118
1095,221458,224,100,0,156,-5.909606934410833e-05,-0.004071719177809064
1096,221658,225,102,99,154,-4.432243006856901e-05,-0.003053815431724405
1097,221861,225,102,99,154,-4.432243006856901e-05,-0.003053815431724405
1098,222063,224,102,98,152,-4.432243006856901e-05,-0.003053815431724405
1099,222262,224,102,99,151,-4.432243006856901e-05,-0.003053815431724405
1100,222462,224,102,98,154,-4.432243006856901e-05,-0.003053815431724405
1101,222665,224,100,0,152,-5.909606934410833e-05,-0.004071719177809064
1102,222867,222,100,0,154,-5.909606934410833e-05,-0.004071719177809064
1103,223068,222,99,0,153,-6.648279446982754e-05,-0.004580664538971118
1104,223272,223,102,99,154,-4.432243006856901e-05,-0.003053815431724405
1105,223475,222,102,99,153,-4.432243006856901e-05,-0.003053815431724405
1106,223676,222,99,0,154,-6.648279446982754e-05,-0.004580664538971118
1107,223876,222,102,99,154,-4.432243006856901e-05,-0.003053815431724405
1108,224081,221,99,0,151,-6.648279446982754e-05,-0.004580664538971118
1109,224282,222,102,99,153,-4.432243006856901e-05,-0.003053815431724405
1110,224487,221,99,0,153,-6.648279446982754e-05,-0.004580664538971118
1111,224687,221,99,0,155,-6.648279446982754e-05,-0.004580664538971118
1112,224887,222,102,99,154,-4.432243006856901e-05,-0.003053815431724405
1113,225089,222,102,99,154,-4.432243006856901e-05,-0.003053815431724405
1114,225291,222,102,99,154,-4.432243006856901e-05,-0.003053815431724405
1115,225490,221,102,99,154,-4.432243006856901e-05,-0.003053815431724405
1116,225693,221,102,99,153,-4.432243006856901e-05,-0.003053815431724405
1117,225893,220,99,0,153,-6.648279446982754e-05,-0.004580664538971118
1118,226095,220,99,0,154,-6.648279446982754e-05,-0.004580664538971118
1119,226295,220,99,0,156,-6.648279446982754e-05,-0.004580664538971118
1120,226495,220,102,99,154,-4.432243006856901e-05,-0.003053815431724405
1121,226697,220,102,99,155,-4.432243006856901e-05,-0.003053815431724405
1122,226897,221,102,99,153,-4.432243006856901e-05,-0.003053815431724405
1123,227092,221,102,99,151,-4.432243006856901e-05,-0.003053815431724405
1124,227298,221,102,99,154,-4.432243006856901e-05,-0.003053815431724405
1125,227499,221,102,99,153,-4.432243006856901e-05,-0.003053815431724405
1126,227700,220,102,99,151,-4.432243006856901e-05,-0.003053815431724405
1127,227901,220,99,0,156,-6.648279446982754e-05,-0.004580664538971118
1128,228103,220,102,99,154,-4.432243006856901e-05,-0.003053815431724405
1129,228305,220,102,99,153,-4.432243006856901e-05,-0.003053815431724405
1130,228503,220,102,99,155,-4.432243006856901e-05,-0.003053815431724405
1131,228709,220,102,99,152,-4.432243006856901e-05,-0.003053815431724405
1132,228910,220,102,99,154,-4.432243006856901e-05,-0.003053815431724405
1133,229108,220,102,99,154,-4.432243006856901e-05,-0.003053815431724405
1134,229311,219,102,99,151,-4.432243006856901e-05,-0.003053815431724405
1135,229511,218,99,0,155,-6.648279446982754e-05,-0.004580664538971118
1136,229714,219,102,99,153,-4.432243006856901e-05,-0.003053815431724405
1137,229927,218,102,99,153,-4.432243006856901e-05,-0.003053815431724405
1138,230132,218,102,99,153,-4.432243006856901e-05,-0.003053815431724405
1139,230334,217,102,99,153,-4.432243006856901e-05,-0.003053815431724405
1140,230533,217,102,99,154,-4.432243006856901e-05,-0.003053815431724405
1141,230734,215,99,0,153,-6.648279446982754e-05,-0.004580664538971118
1142,230937,216,102,99,152,-4.432243006856901e-05,-0.003053815431724405
1143,231138,215,99,0,155,-6.648279446982754e-05,-0.004580664538971118
1144,231339,215,102,99,154,-4.432243006856901e-05,-0.003053815431724405
1145,231542,215,102,99,154,-4.432243006856901e-05,-0.003053815431724405
1146,231743,215,102,99,155,-4.432243006856901e-05,-0.003053815431724405
1147,231943,215,102,99,153,-4.432243006856901e-05,-0.003053815431724405
1148,232141,215,102,99,154,-4.432243006856901e-05,-0.003053815431724405
1149,232346,215,101,82,149,-5.170928121046769e-05,-0.003562769475401224
1150,232545,215,102,99,153,-4.432243006856901e-05,-0.003053815431724405
1151,232745,215,99,0,155,-6.648279446982754e-05,-0.004580664538971118
1152,232947,214,102,99,154,-4.432243006856901e-05,-0.003053815431724405
1153,233149,214,102,99,153,-4.432243006856901e-05,-0.003053815431724405
1154,233352,214,102,99,153,-4.432243006856901e-05,-0.003053815431724405
1155,233551,214,99,0,154,-6.648279446982754e-05,-0.004580664538971118
1156,233753,214,102,99,155,-4.432243006856901e-05,-0.003053815431724405
1157,233954,213,99,0,154,-6.648279446982754e-05,-0.004580664538971118
1158,234158,214,102,99,153,-4.432243006856901e-05,-0.003053815431724405
1159,234360,213,100,0,156,-5.909606934410833e-05,-0.004071719177809064
1160,234562,214,102,99,154,-4.432243006856901e-05,-0.003053815431724405
1161,234764,213,102,99,154,-4.432243006856901e-05,-0.003053815431724405
1162,234962,212,102,99,153,-4.432243006856901e-05,-0.003053815431724405
1163,235165,212,102,99,153,-4.432243006856901e-05,-0.003053815431724405
1164,235363,212,102,99,154,-4.432243006856901e-05,-0.003053815431724405
1165,235566,211,99,0,154,-6.648279446982754e-05,-0.004580664538971118
1166,235766,212,99,0,155,-6.648279446982754e-05,-0.004580664538971118
1167,235969,212,99,0,156,-6.648279446982754e-05,-0.004580664538971118
1168,236171,214,102,99,155,-4.432243006856901e-05,-0.003053815431724405
1169,236372,215,102,99,155,-4.432243006856901e-05,-0.003053815431724405
1170,236574,216,102,99,152,-4.432243006856901e-05,-0.003053815431724405
1171,236776,216,102,99,154,-4.432243006856901e-05,-0.003053815431724405
1172,236977,215,100,12,154,-5.909606934410833e-05,-0.004071719177809064
1173,237178,214,102,99,154,-4.432243006856901e-05,-0.003053815431724405
1174,237378,214,99,0,156,-6.648279446982754e-05,-0.004580664538971118
1175,237578,213,99,0,157,-6.648279446982754e-05,-0.004580664538971118
1176,237780,215,102,99,155,-4.432243006856901e-05,-0.003053815431724405
1177,237982,215,102,99,156,-4.432243006856901e-05,-0.003053815431724405
1178,238185,216,102,99,153,-4.432243006856901e-05,-0.003053815431724405
1179,238387,215,99,0,158,-6.648279446982754e-05,-0.004580664538971118
1180,238589,215,102,99,155,-4.432243006856901e-05,-0.003053815431724405
1181,238791,213,100,0,155,-5.909606934410833e-05,-0.004071719177809064
1182,238994,213,99,0,157,-6.648279446982754e-05,-0.004580664538971118
1183,239194,213,99,0,158,-6.648279446982754e-05,-0.004580664538971118
1184,239394,213,102,99,155,-4.432243006856901e-05,-0.003053815431724405
1185,239593,213,99,0,156,-6.648279446982754e-05,-0.004580664538971118
1186,239798,213,102,99,156,-4.432243006856901e-05,-0.003053815431724405
1187,239997,214,102,99,154,-4.432243006856901e-05,-0.003053815431724405
1188,240201,213,100,0,153,-5.909606934410833e-05,-0.004071719177809064
1189,240402,214,99,0,152,-6.648279446982754e-05,-0.004580664538971118
1190,240602,214,99,0,157,-6.648279446982754e-05,-0.004580664538971118
1191,240805,215,99,0,158,-6.648279446982754e-05,-0.004580664538971118
1192,241007,215,101,76,153,-5.170928121046769e-05,-0.003562769475401224
1193,241209,215,102,99,155,-4.432243006856901e-05,-0.003053815431724405
1194,241409,214,102,99,153,-4.432243006856901e-05,-0.003053815431724405
1195,241610,214,102,100,153,-4.432243006856901e-05,-0.003053815431724405
1196,241810,212,99,0,155,-6.648279446982754e-05,-0.004580664538971118
1197,242012,213,102,99,155,-4.432243006856901e-05,-0.003053815431724405
1198,242213,212,102,100,154,-4.432243006856901e-05,-0.003053815431724405
1199,242412,211,99,0,159,-6.648279446982754e-05,-0.004580664538971118
1200,242618,212,102,100,155,-4.432243006856901e-05,-0.003053815431724405
1201,242819,212,100,9,155,-5.909606934410833e-05,-0.004071719177809064
1202,243017,212,102,100,154,-4.432243006856901e-05,-0.003053815431724405
1203,243220,211,102,100,153,-4.432243006856901e-05,-0.003053815431724405
1204,243424,212,102,100,156,-4.432243006856901e-05,-0.003053815431724405
1205,243624,211,99,0,154,-6.648279446982754e-05,-0.004580664538971118
1206,243826,212,102,100,153,-4.432243006856901e-05,-0.003053815431724405
1207,244027,212,99,0,158,-6.648279446982754e-05,-0.004580664538971118
1208,244228,212,99,0,154,-6.648279446982754e-05,-0.004580664538971118
1209,244428,212,102,100,155,-4.432243006856901e-05,-0.003053815431724405
1210,244631,213,102,100,155,-4.432243006856901e-05,-0.003053815431724405
1211,244832,213,102,100,157,-4.432243006856901e-05,-0.003053815431724405
1212,245031,213,102,100,156,-4.432243006856901e-05,-0.003053815431724405
1213,245234,213,102,100,153,-4.432243006856901e-05,-0.003053815431724405
1214,245435,211,100,0,156,-5.909606934410833e-05,-0.004071719177809064
1215,245637,212,102,100,155,-4.432243006856901e-05,-0.003053815431724405
1216,245837,211,102,100,155,-4.432243006856901e-05,-0.003053815431724405
1217,246039,211,102,100,155,-4.432243006856901e-05,-0.003053815431724405
1218,246241,210,102,100,156,-4.432243006856901e-05,-0.003053815431724405
1219,246439,210,102,100,156,-4.432243006856901e-05,-0.003053815431724405
1220,246642,210,99,0,156,-6.648279446982754e-05,-0.004580664538971118
1221,246843,210,102,100,155,-4.432243006856901e-05,-0.003053815431724405
1222,247044,209,99,0,157,-6.648279446982754e-05,-0.004580664538971118
1223,247245,209,102,100,155,-4.432243006856901e-05,-0.003053815431724405
1224,247447,209,102,100,155,-4.432243006856901e-05,-0.003053815431724405
1225,247649,209,102,100,155,-4.432243006856901e-05,-0.003053815431724405
1226,247846,209,102,100,153,-4.432243006856901e-05,-0.003053815431724405
1227,248049,208,102,100,154,-4.432243006856901e-05,-0.003053815431724405
1228,248251,207,99,0,154,-6.648279446982754e-05,-0.004580664538971118
1229,248452,208,99,0,155,-6.648279446982754e-05,-0.004580664538971118
1230,248652,208,99,0,156,-6.648279446982754e-05,-0.004580664538971118
1231,248852,209,102,100,154,-4.432243006856901e-05,-0.003053815431724405
1232,249056,209,102,100,154,-4.432243006856901e-05,-0.003053815431724405
1233,249257,209,102,100,155,-4.432243006856901e-05,-0.003053815431724405
1234,249460,209,102,100,153,-4.432243006856901e-05,-0.003053815431724405
1235,249660,210,102,100,152,-4.432243006856901e-05,-0.003053815431724405
1236,249860,210,102,100,153,-4.432243006856901e-05,-0.003053815431724405
1237,250063,209,99,0,155,-6.648279446982754e-05,-0.004580664538971118
1238,250264,209,100,0,154,-5.909606934410833e-05,-0.004071719177809064
1239,250465,209,102,100,155,-4.432243006856901e-05,-0.003053815431724405
1240,250665,209,99,0,153,-6.648279446982754e-05,-0.004580664538971118
1241,250865,209,102,100,151,-4.432243006856901e-05,-0.003053815431724405
1242,251071,209,102,100,154,-4.432243006856901e-05,-0.003053815431724405
1243,251271,209,102,98,150,-4.432243006856901e-05,-0.003053815431724405
1244,251474,209,99,0,154,-6.648279446982754e-05,-0.004580664538971118
1245,251677,208,102,100,153,-4.432243006856901e-05,-0.003053815431724405
1246,251878,207,100,0,154,-5.909606934410833e-05,-0.004071719177809064
1247,252077,208,102,100,154,-4.432243006856901e-05,-0.003053815431724405
1248,252280,208,102,100,154,-4.432243006856901e-05,-0.003053815431724405
1249,252482,208,102,100,155,-4.432243006856901e-05,-0.003053815431724405
1250,252684,208,102,100,152,-4.432243006856901e-05,-0.003053815431724405
1251,252884,208,102,100,154,-4.432243006856901e-05,-0.003053815431724405
1252,253086,207,99,0,153,-6.648279446982754e-05,-0.004580664538971118
1253,253290,207,102,100,152,-4.432243006856901e-05,-0.003053815431724405
1254,253495,206,100,0,155,-5.909606934410833e-05,-0.004071719177809064
1255,253696,207,102,100,154,-4.432243006856901e-05,-0.003053815431724405
1256,253899,207,102,100,154,-4.432243006856901e-05,-0.003053815431724405
1257,254100,207,102,100,153,-4.432243006856901e-05,-0.003053815431724405
1258,254300,206,99,0,155,-6.648279446982754e-05,-0.004580664538971118
1259,254504,207,102,100,149,-4.432243006856901e-05,-0.003053815431724405
1260,254706,207,102,100,153,-4.432243006856901e-05,-0.003053815431724405
1261,254909,207,99,0,153,-6.648279446982754e-05,-0.004580664538971118
1262,255110,207,99,0,154,-6.648279446982754e-05,-0.004580664538971118
1263,255311,208,102,100,150,-4.432243006856901e-05,-0.003053815431724405
1264,255511,208,102,100,154,-4.432243006856901e-05,-0.003053815431724405
1265,255712,208,102,100,153,-4.432243006856901e-05,-0.003053815431724405
1266,255913,208,99,0,154,-6.648279446982754e-05,-0.004580664538971118
1267,256117,208,102,100,150,-4.432243006856901e-05,-0.003053815431724405
1268,256317,208,102,100,153,-4.432243006856901e-05,-0.003053815431724405
1269,256517,207,99,0,155,-6.648279446982754e-05,-0.004580664538971118
1270,256720,207,99,0,155,-6.648279446982754e-05,-0.004580664538971118
1271,256921,207,102,100,152,-4.432243006856901e-05,-0.003053815431724405
1272,257122,207,102,100,152,-4.432243006856901e-05,-0.003053815431724405
1273,257319,206,102,100,154,-4.432243006856901e-05,-0.003053815431724405
1274,257522,206,102,100,153,-4.432243006856901e-05,-0.003053815431724405
1275,257724,206,102,99,151,-4.432243006856901e-05,-0.003053815431724405
1276,257926,206,102,100,152,-4.432243006856901e-05,-0.003053815431724405
1277,258128,205,99,0,154,-6.648279446982754e-05,-0.004580664538971118
1278,258329,204,100,0,155,-5.909606934410833e-05,-0.004071719177809064
1279,258527,205,102,100,154,-4.432243006856901e-05,-0.003053815431724405
1280,258729,205,102,100,153,-4.432243006856901e-05,-0.003053815431724405
1281,258932,205,102,100,153,-4.432243006856901e-05,-0.003053815431724405
1282,259135,205,102,100,151,-4.432243006856901e-05,-0.003053815431724405
1283,259340,205,102,100,150,-4.432243006856901e-05,-0.003053815431724405
1284,259542,205,102,100,152,-4.432243006856901e-05,-0.003053815431724405
1285,259744,205,99,0,153,-6.648279446982754e-05,-0.004580664538971118
1286,259948,205,99,0,154,-6.648279446982754e-05,-0.004580664538971118
1287,260150,206,102,100,152,-4.432243006856901e-05,-0.003053815431724405
1288,260349,204,99,0,152,-6.648279446982754e-05,-0.004580664538971118
1289,260551,205,102,100,151,-4.432243006856901e-05,-0.003053815431724405
1290,260753,204,102,100,150,-4.432243006856901e-05,-0.003053815431724405
1291,260954,204,102,100,149,-4.432243006856901e-05,-0.003053815431724405
1292,261156,204,102,100,152,-4.432243006856901e-05,-0.003053815431724405
1293,261358,204,102,100,151,-4.432243006856901e-05,-0.003053815431724405
1294,261560,203,99,0,151,-6.648279446982754e-05,-0.004580664538971118
1295,261763,204,102,100,153,-4.432243006856901e-05,-0.003053815431724405
1296,261965,204,102,100,151,-4.432243006856901e-05,-0.003053815431724405
1297,262166,204,102,100,152,-4.432243006856901e-05,-0.003053815431724405
1298,262367,203,102,100,151,-4.432243006856901e-05,-0.003053815431724405
1299,262569,203,102,100,153,-4.432243006856901e-05,-0.003053815431724405
1300,262773,202,100,0,151,-5.909606934410833e-05,-0.004071719177809064
1301,262973,203,102,100,151,-4.432243006856901e-05,-0.003053815431724405
1302,263174,202,100,0,154,-5.909606934410833e-05,-0.004071719177809064
1303,263377,203,102,100,151,-4.432243006856901e-05,-0.003053815431724405
1304,263577,203,102,100,151,-4.432243006856901e-05,-0.003053815431724405
1305,263779,203,102,100,151,-4.432243006856901e-05,-0.003053815431724405
1306,263982,202,102,100,150,-4.432243006856901e-05,-0.003053815431724405
1307,264183,202,102,100,151,-4.432243006856901e-05,-0.003053815431724405
1308,264385,201,99,0,151,-6.648279446982754e-05,-0.004580664538971118
1309,264585,201,99,0,151,-6.648279446982754e-05,-0.004580664538971118
1310,264785,200,100,0,152,-5.909606934410833e-05,-0.004071719177809064
1311,264987,201,102,100,152,-4.432243006856901e-05,-0.003053815431724405
1312,265189,201,102,100,151,-4.432243006856901e-05,-0.003053815431724405
1313,265391,201,99,0,150,-6.648279446982754e-05,-0.004580664538971118
1314,265590,202,102,100,150,-4.432243006856901e-05,-0.003053815431724405
1315,265792,201,102,100,151,-4.432243006856901e-05,-0.003053815431724405
1316,265992,200,100,0,150,-5.909606934410833e-05,-0.004071719177809064
1317,266194,201,99,0,150,-6.648279446982754e-05,-0.004580664538971118
1318,266395,201,100,1,151,-5.909606934410833e-05,-0.004071719177809064
1319,266596,201,102,100,150,-4.432243006856901e-05,-0.003053815431724405
1320,266799,201,102,100,149,-4.432243006856901e-05,-0.003053815431724405
1321,267001,201,102,100,147,-4.432243006856901e-05,-0.003053815431724405
1322,267204,200,100,0,151,-5.909606934410833e-05,-0.004071719177809064
1323,267408,201,102,100,149,-4.432243006856901e-05,-0.003053815431724405
1324,267610,202,102,100,149,-4.432243006856901e-05,-0.003053815431724405
1325,267809,200,100,0,149,-5.909606934410833e-05,-0.004071719177809064
1326,268011,201,102,100,146,-4.432243006856901e-05,-0.003053815431724405
1327,268212,201,102,100,148,-4.432243006856901e-05,-0.003053815431724405
1328,268411,201,99,0,147,-6.648279446982754e-05,-0.004580664538971118
1329,268614,202,103,100,147,-3.693551591807569e-05,-0.0025448570467554153
1330,268816,202,102,100,146,-4.432243006856901e-05,-0.003053815431724405
1331,269017,201,102,100,147,-4.432243006856901e-05,-0.003053815431724405
1332,269217,202,102,100,147,-4.432243006856901e-05,-0.003053815431724405
1333,269419,201,100,0,148,-5.909606934410833e-05,-0.004071719177809064
1334,269621,202,101,67,145,-5.170928121046769e-05,-0.003562769475401224
1335,269820,202,103,100,147,-3.693551591807569e-05,-0.0025448570467554153
