time,strain1,strain2,strain3,strain4
795,126,108,107,172
996,130,111,74,175
1199,126,112,0,0
1403,128,109,94,171
1605,128,108,107,172
1805,130,111,99,175
2007,128,108,107,172
2207,130,111,0,169
2408,128,108,107,172
2610,131,111,99,175
2812,131,111,69,173
3014,130,111,0,167
3216,129,108,107,171
3417,129,108,107,171
3619,129,108,107,171
3821,129,108,107,170
4022,129,108,107,170
4225,129,108,107,170
4426,129,108,107,170
4626,128,112,0,0
4827,129,108,107,169
5028,129,108,107,170
5230,130,108,107,169
5430,130,112,0,160
5630,130,108,107,169
5828,130,108,107,169
6034,131,111,0,166
6234,131,111,0,162
6437,130,108,107,168
6638,130,108,107,169
6840,131,111,0,164
7046,132,111,89,170
7246,130,108,107,168
7449,131,111,0,162
7652,130,108,107,168
7854,131,111,0,163
8055,130,108,107,168
8258,129,112,0,148
8458,132,111,15,166
8660,130,112,0,156
8863,130,108,107,167
9064,128,112,0,0
9267,130,108,107,166
9463,128,112,0,0
9669,130,108,107,166
9867,130,108,107,166
10067,130,108,107,166
10269,130,112,0,157
10465,129,112,0,0
10670,132,111,97,168
10865,130,108,107,165
11070,129,112,0,0
11272,130,108,107,165
11474,130,108,107,165
11676,132,111,27,165
11876,131,112,0,157
12079,131,111,0,158
12282,131,111,0,159
12481,132,111,89,166
12681,128,112,0,0
12882,132,111,90,166
13086,130,108,107,164
13288,132,111,99,167
13489,130,108,107,164
13691,130,111,6,160
13895,129,108,107,163
14095,132,111,100,166
14295,132,111,78,165
14498,129,108,107,163
14699,128,112,0,0
14901,129,108,107,162
15101,131,111,0,160
15307,129,108,107,162
15508,129,108,107,162
15713,131,111,98,165
15912,131,111,69,163
16116,129,108,107,162
16315,127,112,0,0
16516,130,112,0,155
16717,129,108,107,161
16917,129,108,107,162
17117,129,108,107,162
17320,132,111,99,164
17523,131,111,16,160
17721,129,108,107,161
17924,129,108,107,161
18124,128,112,0,0
18324,130,112,0,156
18526,128,112,0,20
18727,129,108,107,160
18928,129,108,107,160
19130,131,111,100,163
19331,129,108,107,160
19533,129,108,107,160
19735,129,108,108,160
19937,130,111,24,159
20140,129,108,107,160
20342,130,111,0,157
20541,127,112,0,0
20745,131,111,99,162
20946,130,112,1,156
21149,128,108,108,159
21350,128,108,108,159
21552,128,108,108,159
21754,128,108,108,159
21956,127,112,0,0
22156,128,108,108,158
22359,129,112,0,154
22561,128,108,107,158
22763,128,112,0,148
22966,128,108,108,158
23165,130,112,54,158
23366,127,108,108,158
23568,128,109,53,154
23769,127,108,108,157
23971,130,111,94,159
24172,127,108,108,157
24373,127,108,108,157
24576,127,108,108,157
24778,127,108,108,157
24978,127,108,108,157
25180,128,112,0,151
25381,125,112,0,0
25583,130,111,100,159
25783,129,112,44,156
25986,127,108,108,156
26188,126,112,0,0
26390,127,112,0,148
26590,128,109,107,155
26790,127,108,108,155
26991,129,111,100,158
27197,129,111,99,157
27398,126,108,108,155
27599,127,112,0,145
27801,126,108,108,154
28004,127,112,0,148
28207,126,108,108,154
28409,126,112,0,0
28609,128,112,66,155
28810,129,111,100,157
29010,126,108,108,154
29212,126,108,108,154
29411,126,108,108,154
29614,126,108,108,153
29815,126,108,108,153
30012,126,108,108,153
30217,127,112,0,146
30417,127,112,0,147
30620,126,109,108,153
30821,125,112,0,129
31022,126,108,108,153
31224,125,112,0,0
31424,126,108,108,152
31626,128,112,85,154
31827,125,108,108,152
32028,124,112,0,0
32227,125,108,108,152
32430,127,112,3,149
32630,125,109,108,152
32832,126,112,0,147
33033,126,110,100,154
33234,127,112,87,153
33437,125,109,108,151
33638,127,112,99,153
33839,125,109,56,148
34039,125,110,85,149
34241,125,112,7,143
34443,125,109,108,150
34642,124,109,108,150
34846,127,112,18,149
35046,124,109,108,150
35248,126,112,0,144
35451,124,109,108,150
35653,126,112,0,145
35855,127,112,98,152
36056,124,109,108,149
36256,124,109,108,149
36457,127,112,101,152
36669,124,109,108,149
36872,123,112,0,0
37073,124,109,108,148
37274,124,109,108,149
37475,124,112,0,137
37676,123,112,0,0
37877,123,113,0,0
38080,124,109,108,148
38282,124,109,108,148
38483,126,112,101,151
38683,125,112,0,144
38885,124,109,108,148
39086,124,109,108,148
39288,122,113,0,0
39486,126,112,98,150
39686,124,109,108,147
39887,124,109,109,147
40089,126,112,82,148
40290,124,109,109,147
40489,124,109,109,147
40693,123,109,108,147
40893,123,109,109,146
41092,124,112,0,141
41294,123,109,109,146
41495,122,112,0,0
41698,123,109,109,146
41901,123,109,109,146
42101,126,112,101,149
42301,122,112,0,124
42501,123,109,109,145
42702,121,112,0,0
42904,123,109,109,145
43107,125,112,97,147
43307,122,109,109,145
43508,122,109,109,145
43708,123,112,0,137
43908,124,112,11,143
44111,122,109,109,144
44312,125,112,102,147
44513,122,109,109,144
44709,124,112,86,146
44915,122,109,109,144
45118,122,109,109,144
45320,122,109,109,144
45522,122,109,109,144
45721,121,109,72,134
45923,122,109,109,143
46126,122,109,109,143
46327,123,112,41,143
46529,122,112,0,135
46731,121,109,109,143
46934,121,112,0,0
47137,123,112,0,138
47336,120,113,0,54
47542,121,109,109,142
47741,121,109,109,142
47943,121,109,109,142
48144,121,109,109,142
48344,123,112,52,142
48544,121,109,109,142
48745,123,112,64,142
48947,121,109,109,141
49148,123,112,21,140
49349,121,109,109,141
49550,123,112,100,144
49755,121,109,109,141
49957,121,109,109,141
50159,122,112,0,136
50358,123,112,101,143
50558,121,109,109,140
50762,121,109,109,140
50964,121,109,109,140
51166,122,112,0,136
51366,121,109,109,140
51566,121,112,0,130
51768,121,109,109,140
51969,121,109,109,140
52170,122,112,14,138
52370,122,112,0,133
52570,120,109,109,139
52772,123,112,99,141
52973,120,109,109,139
53175,120,109,109,139
53379,123,112,82,140
53579,120,109,109,139
53781,120,109,109,139
53983,121,112,0,133
54185,120,109,109,138
54388,123,112,102,141
54590,121,110,108,139
54792,120,109,109,138
54993,120,109,109,138
55197,121,112,0,130
55400,120,109,109,138
55601,118,113,0,0
55798,120,109,109,138
56003,122,112,101,140
56206,122,111,107,138
56406,120,113,0,128
56608,118,113,0,0
56808,120,109,109,137
57010,119,109,109,137
57213,119,109,109,137
57416,119,109,109,137
57615,122,112,101,139
57818,122,112,74,137
58021,119,109,109,136
58219,119,109,109,136
58422,119,109,109,136
58622,121,112,100,138
58826,119,109,109,136
59026,119,109,109,136
59228,120,112,0,130
59429,119,109,109,136
59631,119,113,0,124
59831,119,109,109,135
60030,119,109,109,135
60234,121,112,103,139
60433,121,112,102,138
60638,118,109,109,135
60839,117,113,0,0
61043,118,109,109,135
61245,120,112,99,137
61447,118,109,106,137
61649,118,109,109,135
61853,118,109,109,134
62054,120,112,103,138
62255,118,109,109,134
62457,120,112,101,138
62659,117,111,30,132
62862,118,109,109,134
63063,117,112,0,125
63265,117,109,109,134
63466,117,109,109,133
63668,117,109,109,134
63872,119,113,39,131
64071,119,113,98,132
64275,118,109,109,134
64478,118,109,109,134
64678,118,110,110,134
64880,120,114,102,136
65080,118,110,110,134
65281,118,112,105,137
65483,118,114,101,134
65682,115,115,7,126
65882,118,110,110,134
66083,118,114,103,136
66283,116,111,104,133
66486,118,110,110,133
66689,118,110,110,133
66887,117,110,110,133
67088,112,115,0,0
67290,117,110,110,133
67492,117,110,110,133
67697,119,113,104,135
67899,117,110,110,132
68100,117,110,110,132
68304,117,110,109,134
68506,117,110,109,132
68707,117,110,109,132
68909,117,113,104,135
69108,117,110,109,131
69310,117,110,109,131
69514,117,110,109,131
69715,117,110,109,131
69916,116,114,101,130
70118,118,113,103,136
70319,117,110,109,130
70521,115,114,100,130
70721,117,114,102,135
70921,116,110,109,130
71121,114,112,105,129
71323,116,110,109,130
71521,116,110,109,130
71726,117,113,102,134
71926,116,110,109,130
72125,116,110,109,130
72329,116,110,109,129
72532,115,114,98,129
72735,116,110,108,129
72936,116,110,109,129
73137,116,110,108,129
73336,116,110,109,129
73538,116,114,102,132
73741,116,110,108,129
73942,116,110,109,129
74144,115,110,108,129
74345,115,110,108,128
74548,115,109,108,129
74747,115,109,108,128
74951,117,113,103,132
75153,115,113,100,129
75354,115,109,108,128
75557,115,113,101,126
75758,112,114,97,117
75958,114,113,100,128
76158,115,109,108,127
76359,114,109,108,127
76561,114,113,100,128
76763,116,113,102,130
76966,114,109,108,126
77169,114,109,108,127
77374,111,113,0,118
77577,114,113,101,128
77778,112,114,16,117
77981,114,113,100,128
78183,114,110,50,116
78385,114,109,108,126
78587,108,113,0,0
78788,113,109,108,126
78993,112,113,99,127
79193,113,109,108,126
79394,111,113,96,122
79596,113,109,107,125
79798,113,109,107,125
79998,113,113,101,127
80200,110,114,61,0
80402,112,110,106,124
80607,111,113,84,118
80808,114,112,101,128
81012,111,112,98,122
81214,113,109,107,124
81413,113,109,107,124
81616,114,112,102,128
81818,108,113,0,0
82019,113,108,107,124
82220,114,112,101,126
82420,113,109,107,124
82622,112,109,107,123
82825,112,109,107,124
83027,107,113,94,109
83230,112,109,107,124
83432,113,112,101,126
83635,112,109,107,123
83835,109,113,0,55
84035,112,109,107,123
84236,113,113,100,125
84435,112,108,107,123
84638,114,112,104,126
84836,112,108,107,123
85039,113,112,100,125
85241,112,108,107,123
85444,106,113,38,0
85645,109,113,97,121
85847,109,113,94,118
86047,111,108,107,122
86251,113,113,76,123
86452,112,108,107,122
86651,112,113,98,125
86852,110,113,49,121
87053,111,113,98,123
87251,107,113,0,112
87454,111,113,97,123
87656,111,110,97,117
87857,112,108,106,122
88058,112,108,106,122
88260,114,112,102,125
88462,111,108,107,121
88664,111,108,106,122
88863,112,108,107,121
89064,113,112,100,121
89263,112,112,100,124
89464,111,108,106,121
89665,111,108,106,121
89865,113,112,99,124
90066,112,112,98,120
90267,111,108,106,121
90471,111,112,96,118
90673,111,108,106,121
90877,112,111,100,123
91081,111,108,106,121
91283,111,108,106,121
91484,111,112,98,120
91686,111,108,106,120
91887,111,108,106,120
92089,108,112,74,111
92292,111,112,98,120
92484,110,111,98,122
92696,110,108,105,120
92898,110,112,97,118
93102,111,111,99,122
93304,110,107,106,120
93508,110,107,106,120
93712,110,107,106,120
93914,112,111,101,123
94114,110,107,106,119
94317,109,112,30,118
94518,110,108,105,120
94717,112,111,100,122
94920,110,107,105,119
95121,107,112,20,0
95322,110,107,105,119
95523,110,107,105,119
95723,110,107,105,119
95926,110,107,105,119
96128,112,111,100,122
96329,111,111,98,120
96530,109,107,105,118
96732,108,112,67,113
96933,110,107,105,118
97135,110,112,97,114
97336,110,107,105,118
97537,109,107,105,118
97740,109,107,105,118
97944,111,111,99,122
98143,110,107,105,119
98343,108,112,94,112
98545,110,111,96,120
98746,105,112,0,27
98949,109,107,105,118
99147,105,112,0,0
99354,109,107,105,118
99556,109,112,93,119
99756,109,107,104,118
99957,109,107,105,118
100158,109,107,104,118
100357,105,112,0,106
100560,111,111,99,122
100763,110,111,96,121
100963,109,107,104,118
101161,104,112,0,0
101363,109,107,104,118
101565,110,111,96,116
101764,111,111,98,120
101964,109,107,104,118
102167,109,107,104,118
102370,110,111,98,120
102573,109,107,104,118
102774,110,111,96,120
102977,108,107,104,118
103176,108,107,104,118
103377,109,107,104,117
103578,108,107,104,118
103778,109,107,104,118
103980,108,107,104,118
104180,109,107,104,117
104383,107,111,0,111
104584,105,111,0,0
104786,109,112,28,117
104987,109,111,47,119
105186,108,107,104,117
105388,108,107,63,116
105588,108,107,104,117
105790,108,112,0,112
105988,103,111,0,0
106192,108,106,103,117
106392,110,111,94,118
106594,108,107,103,116
106792,108,107,104,117
106995,103,111,0,0
107198,108,106,103,117
107399,108,106,103,116
107601,110,111,97,120
107806,107,108,100,116
108009,108,106,103,117
108212,108,106,103,117
108413,104,111,0,0
108617,109,110,95,119
108816,108,106,103,117
109019,104,111,0,0
109223,108,110,0,114
109426,107,106,103,116
109627,108,111,23,114
109828,107,106,103,116
110031,107,111,83,116
110232,107,106,102,116
110433,107,106,103,117
110639,102,111,0,0
110839,105,111,23,112
111041,107,106,103,118
111243,107,106,103,118
111441,107,106,103,118
111645,107,106,103,118
111843,107,106,103,118
112046,108,110,97,123
112244,107,106,103,119
112446,108,111,94,120
112646,104,112,0,0
112850,107,106,103,118
113054,107,111,87,118
113254,106,106,103,118
113455,108,110,95,121
113656,109,110,97,121
113860,107,105,102,118
114058,102,110,0,0
114258,107,106,102,119
114462,107,105,102,119
114664,107,106,101,118
114868,106,105,102,119
115067,106,105,102,119
115270,108,110,93,123
115472,106,105,102,117
115674,105,111,93,114
115874,106,105,102,118
116078,106,105,102,118
116278,107,105,102,118
116481,106,105,101,118
116683,106,105,101,118
116884,106,110,94,114
117085,108,110,95,120
117288,104,109,25,114
117492,106,105,102,117
117693,101,110,0,0
117897,105,105,102,118
118096,105,105,102,118
118299,106,110,94,118
118500,102,110,0,0
118700,108,110,96,119
118902,106,107,32,18
119104,106,105,102,117
119305,106,110,92,112
119505,106,105,101,117
119706,106,105,102,117
119905,103,111,46,0
120111,106,106,102,117
120312,106,110,94,113
120513,105,105,101,118
120714,106,105,102,119
120916,105,105,102,118
121116,107,111,95,111
121319,106,105,101,118
121519,105,106,102,119
121722,102,109,0,108
121923,105,109,0,114
122123,106,105,101,118
122322,109,112,98,119
122526,106,109,3,114
122728,107,108,100,118
122927,106,105,101,118
123131,106,105,101,119
123331,104,110,9,0
123532,108,110,85,119
123734,106,105,101,118
123939,106,105,101,118
124139,106,105,101,118
124340,105,110,92,0
124546,106,105,101,119
124748,99,110,0,0
124947,109,110,94,118
125153,106,110,97,118
125357,105,105,101,118
125557,103,110,0,0
125755,106,105,101,118
125957,105,110,54,27
126158,105,104,101,117
126359,101,109,0,0
126559,106,110,0,115
126761,107,109,85,118
126964,105,104,101,118
127166,106,104,101,119
127371,107,110,95,114
127570,105,105,101,118
127772,106,104,101,118
127973,105,105,101,119
128175,111,100,90,83
128371,116,103,0,78
128575,115,99,95,64
128777,115,99,95,53
128977,114,99,95,48
129176,112,98,0,44
129376,113,99,95,39
129575,112,99,74,33
129776,113,99,95,31
129976,112,98,0,29
130179,113,99,95,24
130378,112,99,95,19
130580,112,99,95,18
130784,113,99,95,15
130988,115,99,95,15
131186,115,99,95,11
131388,116,99,95,9
131590,117,98,0,10
131792,119,99,95,8
131993,119,98,0,5
132193,123,99,95,5
132393,126,99,95,3
132598,130,99,95,4
132797,130,98,0,3
133000,133,99,95,1
133200,133,98,0,4
133401,135,98,0,255
133601,137,99,95,0
133799,138,99,95,255
134001,140,99,95,0
134204,142,99,95,0
134404,142,99,0,0
134605,144,98,0,0
134808,146,98,0,1
135010,148,99,95,2
135213,148,99,95,4
135415,148,99,95,2
135617,146,99,96,7
135819,145,98,0,5
136020,145,99,96,10
136222,145,99,95,10
136423,144,99,0,17
136623,145,99,96,18
136826,145,99,96,20
137026,144,99,96,21
137226,144,99,96,25
137426,143,99,0,25
137630,145,99,95,30
137827,143,98,0,31
138031,143,99,96,37
138232,144,99,96,41
138435,144,99,96,47
138636,144,98,0,53
138836,146,99,96,56
139038,145,98,0,56
139240,145,100,96,58
139439,144,98,0,58
139642,144,99,96,60
139844,144,99,96,60
140044,143,99,96,59
140244,143,98,0,59
140446,143,99,96,59
140646,142,98,0,57
140847,142,99,96,59
141052,142,98,0,60
141253,144,99,96,63
141455,144,99,96,65
141655,143,98,0,64
141857,142,99,96,67
142057,142,99,96,65
142257,142,99,96,68
142458,142,99,96,67
142660,139,99,0,67
142863,140,99,96,66
143063,139,99,96,66
143266,139,99,96,64
143466,138,98,0,64
143668,138,99,96,59
143870,137,98,0,59
144074,138,99,96,60
144275,136,98,0,60
144475,137,99,96,60
144678,137,99,96,60
144879,137,99,96,59
145082,138,100,96,60
145285,139,99,96,56
145485,139,98,0,56
145686,139,98,0,57
145887,138,99,0,57
146088,138,100,96,53
146289,137,100,96,55
146491,137,98,0,54
146691,138,100,96,54
146893,138,100,96,50
147096,138,100,96,53
147297,138,99,0,50
147496,137,99,0,52
147700,139,100,96,53
147902,139,100,96,52
148103,140,100,96,51
148304,142,100,96,51
148503,142,99,0,48
148704,145,99,0,49
148904,147,100,96,49
149105,147,98,0,51
149307,148,100,96,51
149508,148,100,96,51
149709,148,100,96,50
149912,148,100,96,48
150114,148,100,96,50
150315,148,99,0,48
150517,148,98,0,48
150719,148,99,0,48
150922,149,100,96,50
151123,150,100,96,50
151326,151,100,96,49
151526,153,100,96,50
151727,154,100,96,50
151928,155,98,4,45
152129,157,100,96,50
152329,157,99,0,51
152530,159,100,96,52
152737,159,98,0,50
152938,159,100,96,50
153140,159,98,0,53
153341,159,99,13,49
153543,159,100,96,52
153745,159,100,96,51
153946,158,99,0,52
154149,160,100,96,52
154351,161,100,97,52
154554,163,100,96,53
154754,165,100,96,52
154956,166,100,97,48
155159,166,99,0,51
155361,167,99,0,54
155559,168,99,0,56
155764,171,100,96,58
155966,171,100,97,60
156169,173,100,97,61
156370,173,98,0,62
156573,172,99,72,58
156775,174,100,97,66
156975,175,100,97,66
157177,174,98,0,69
157380,175,100,97,75
157582,175,98,0,74
157785,174,98,0,78
157987,175,98,0,81
158189,176,100,97,88
158389,175,98,0,89
158589,174,98,0,92
158793,175,100,88,94
158994,175,100,97,101
159194,176,100,97,104
159398,176,100,97,108
159601,177,100,97,110
159805,178,100,97,113
160004,179,100,97,119
160207,180,98,0,120
160409,180,99,0,125
160612,181,100,97,128
160813,182,100,97,136
161014,183,100,97,139
161214,183,100,97,141
161417,183,100,97,141
161616,184,100,97,148
161817,184,98,0,148
162020,185,98,0,154
162223,186,100,97,160
162424,187,101,97,165
162624,188,100,97,169
162825,187,100,97,173
163027,188,100,97,178
163230,187,99,0,176
163432,190,100,97,176
163632,190,98,0,177
163833,191,100,97,177
164029,192,100,97,176
164235,191,98,0,174
164436,192,100,97,176
164640,194,100,97,175
164841,195,100,97,174
165045,196,98,0,172
165243,195,99,0,174
165445,196,100,97,174
165644,196,100,97,174
165842,197,100,97,173
166047,197,98,0,173
166248,198,100,97,169
166450,198,100,97,173
166653,199,100,97,172
166857,198,98,0,172
167059,199,100,97,173
167259,200,100,97,174
167457,200,100,97,172
167661,201,100,97,172
167863,201,100,97,168
168061,202,100,97,171
168267,202,98,0,169
168469,202,98,0,169
168672,203,100,97,168
168871,204,100,97,167
169076,201,98,0,163
169276,198,98,0,165
169479,200,100,97,164
169682,206,100,97,163
169887,207,98,0,160
170089,208,98,0,159
170290,210,101,97,162
170493,211,101,97,161
170696,212,101,97,161
170894,211,99,0,160
171094,213,100,97,157
171297,213,99,0,158
171503,213,98,0,158
171704,215,98,0,158
171905,215,101,97,161
172107,216,101,97,162
172308,217,101,97,162
172509,218,101,97,161
172712,218,101,97,161
172916,219,101,97,159
173118,219,98,0,156
173321,220,101,97,153
173522,221,98,0,158
173723,222,99,0,153
173929,223,101,97,156
174129,224,101,97,155
174333,224,101,97,155
174534,223,100,29,153
174735,224,101,97,154
174935,224,101,97,150
175134,224,99,23,156
175335,224,101,97,152
175534,223,98,0,151
175736,225,98,0,151
175940,226,101,97,151
176143,227,98,0,147
176344,226,99,0,148
176545,227,98,0,148
176746,228,101,97,152
176944,228,101,97,152
177147,228,101,97,151
177350,228,101,97,152
177553,228,101,97,149
177755,228,101,97,151
177957,228,101,97,150
178153,228,99,2,149
178357,229,101,97,151
178556,229,101,97,151
178759,229,101,97,150
178958,229,101,97,151
179162,229,101,97,152
179363,228,99,0,148
179562,229,101,97,152
179765,228,98,0,151
179966,228,101,97,154
180169,228,101,97,154
180370,228,101,97,153
180570,228,101,97,153
180773,228,101,97,149
180974,228,101,97,152
181176,227,99,0,150
181378,227,99,0,154
181578,228,101,97,155
181781,228,101,97,154
181983,228,101,97,154
182184,228,101,97,154
182384,228,101,97,149
182587,227,101,98,153
182786,228,101,98,151
182988,227,99,0,152
183191,229,101,98,153
183392,230,99,0,150
183592,230,101,98,152
183796,231,101,97,149
183992,231,99,0,147
184196,231,99,0,146
184398,232,99,0,146
184600,234,99,0,149
184801,236,101,98,146
185000,237,101,97,145
185204,236,99,0,146
185404,235,101,97,141
185605,235,101,98,144
185807,235,101,97,143
186006,235,101,98,141
186209,234,99,0,145
186413,236,101,98,144
186614,237,99,0,143
186818,239,101,98,143
187018,240,99,0,146
187217,241,100,82,138
187417,242,101,98,143
187619,241,101,98,142
187819,239,99,0,147
188020,239,101,98,144
188221,238,101,98,144
188422,237,101,98,141
188625,237,101,98,141
188827,237,101,98,143
189029,237,99,0,140
189230,238,101,98,139
189429,238,99,0,145
189631,240,101,98,143
189834,241,101,98,142
190035,242,101,98,141
190238,242,101,98,140
190440,242,101,90,136
190643,242,99,21,138
190844,243,99,0,141
191049,243,99,0,139
191250,244,101,98,141
191450,244,101,98,141
191652,244,101,98,140
191851,244,101,98,137
192051,243,100,0,138
192253,243,99,0,137
192458,243,99,0,136
192660,242,100,0,139
192860,242,101,98,137
193063,241,99,0,135
193265,242,99,0,135
193468,243,101,98,135
193668,242,101,98,136
193868,242,99,0,137
194066,241,101,98,135
194270,239,99,0,139
194471,239,99,0,135
194676,239,101,98,136
194875,239,101,98,136
195077,238,101,98,134
195279,238,101,98,136
195480,237,99,0,136
195681,237,101,98,133
195881,236,99,0,138
196084,237,101,98,135
196286,237,101,98,136
196483,238,101,98,136
196688,238,101,98,135
196889,238,99,0,135
197093,240,101,98,134
197293,242,101,98,137
197494,243,99,0,143
197694,247,101,98,141
197895,248,101,98,136
198096,249,101,98,138
198298,250,101,98,142
198501,249,100,0,141
198703,251,101,98,141
198902,250,101,98,138
199103,250,101,98,139
199303,250,101,98,142
199506,249,101,98,142
199707,249,101,98,142
199910,249,101,98,143
200110,249,101,98,143
200312,248,101,98,142
200518,248,101,98,139
200718,247,99,0,145
200918,248,99,0,140
201123,249,101,98,143
201322,249,101,98,142
201524,248,101,98,141
201725,248,101,98,144
201927,247,99,0,142
202129,249,101,98,140
202330,250,101,98,146
202531,251,99,0,144
202733,253,101,98,148
202934,254,101,98,149
203133,254,101,98,150
203335,255,101,98,151
203537,254,100,0,152
203737,254,99,0,152
203938,253,101,98,152
204140,252,101,98,151
204342,251,101,98,152
204545,250,99,0,154
204746,251,101,98,153
204946,251,99,0,150
205148,252,101,98,153
205349,252,101,46,153
205549,252,101,98,155
205752,252,101,98,155
205952,253,101,98,154
206150,253,99,0,156
206353,253,101,98,150
206555,252,100,0,152
206758,253,101,98,152
206959,252,99,0,154
207153,252,101,98,155
207363,250,99,0,152
207561,250,101,98,155
207760,250,101,98,154
207964,250,101,98,151
208168,248,99,0,155
208369,248,101,98,155
208572,246,99,0,156
208774,246,101,98,156
208973,245,101,98,156
209175,244,101,98,156
209374,244,99,0,157
209575,244,101,98,154
209777,244,101,98,158
209978,244,101,98,157
210173,243,100,0,161
210379,244,101,98,158
210583,243,101,98,159
210785,242,101,98,156
210983,241,101,98,159
211186,241,101,98,154
211387,240,101,98,158
211588,239,100,0,156
211789,239,100,0,160
211986,239,101,98,159
212191,239,101,98,159
212392,238,101,98,157
212594,237,101,98,159
212798,237,101,98,155
212998,237,102,98,159
213201,236,100,0,159
213405,236,99,0,160
213606,237,101,98,156
213805,237,101,98,159
214010,237,101,98,160
214211,236,99,0,161
214411,236,101,98,155
214611,235,101,98,159
214814,234,99,0,158
215014,233,100,0,160
215216,233,101,98,158
215418,232,99,0,156
215621,233,101,98,158
215822,231,99,0,160
216025,231,102,98,153
216225,230,99,0,156
216426,230,101,98,156
216632,229,100,0,156
216833,229,102,98,153
217029,229,102,98,157
217234,228,102,98,157
217434,228,102,98,157
217634,227,102,98,151
217838,227,99,0,154
218040,227,102,98,155
218242,226,100,0,157
218442,227,102,98,156
218642,227,102,98,157
218842,227,102,98,156
219045,227,102,98,154
219246,227,102,98,150
219445,227,102,99,155
219645,227,102,98,154
219849,226,100,0,157
220050,227,102,98,155
220251,227,102,98,154
220451,227,102,98,154
220653,226,102,98,152
220853,225,100,45,149
221054,226,102,98,154
221256,226,99,0,155
221458,224,100,0,156
221658,225,102,99,154
221861,225,102,99,154
222063,224,102,98,152
222262,224,102,99,151
222462,224,102,98,154
222665,224,100,0,152
222867,222,100,0,154
223068,222,99,0,153
223272,223,102,99,154
223475,222,102,99,153
223676,222,99,0,154
223876,222,102,99,154
224081,221,99,0,151
224282,222,102,99,153
224487,221,99,0,153
224687,221,99,0,155
224887,222,102,99,154
225089,222,102,99,154
225291,222,102,99,154
225490,221,102,99,154
225693,221,102,99,153
225893,220,99,0,153
226095,220,99,0,154
226295,220,99,0,156
226495,220,102,99,154
226697,220,102,99,155
226897,221,102,99,153
227092,221,102,99,151
227298,221,102,99,154
227499,221,102,99,153
227700,220,102,99,151
227901,220,99,0,156
228103,220,102,99,154
228305,220,102,99,153
228503,220,102,99,155
228709,220,102,99,152
228910,220,102,99,154
229108,220,102,99,154
229311,219,102,99,151
229511,218,99,0,155
229714,219,102,99,153
229927,218,102,99,153
230132,218,102,99,153
230334,217,102,99,153
230533,217,102,99,154
230734,215,99,0,153
230937,216,102,99,152
231138,215,99,0,155
231339,215,102,99,154
231542,215,102,99,154
231743,215,102,99,155
231943,215,102,99,153
232141,215,102,99,154
232346,215,101,82,149
232545,215,102,99,153
232745,215,99,0,155
232947,214,102,99,154
233149,214,102,99,153
233352,214,102,99,153
233551,214,99,0,154
233753,214,102,99,155
233954,213,99,0,154
234158,214,102,99,153
234360,213,100,0,156
234562,214,102,99,154
234764,213,102,99,154
234962,212,102,99,153
235165,212,102,99,153
235363,212,102,99,154
235566,211,99,0,154
235766,212,99,0,155
235969,212,99,0,156
236171,214,102,99,155
236372,215,102,99,155
236574,216,102,99,152
236776,216,102,99,154
236977,215,100,12,154
237178,214,102,99,154
237378,214,99,0,156
237578,213,99,0,157
237780,215,102,99,155
237982,215,102,99,156
238185,216,102,99,153
238387,215,99,0,158
238589,215,102,99,155
238791,213,100,0,155
238994,213,99,0,157
239194,213,99,0,158
239394,213,102,99,155
239593,213,99,0,156
239798,213,102,99,156
239997,214,102,99,154
240201,213,100,0,153
240402,214,99,0,152
240602,214,99,0,157
240805,215,99,0,158
241007,215,101,76,153
241209,215,102,99,155
241409,214,102,99,153
241610,214,102,100,153
241810,212,99,0,155
242012,213,102,99,155
242213,212,102,100,154
242412,211,99,0,159
242618,212,102,100,155
242819,212,100,9,155
243017,212,102,100,154
243220,211,102,100,153
243424,212,102,100,156
243624,211,99,0,154
243826,212,102,100,153
244027,212,99,0,158
244228,212,99,0,154
244428,212,102,100,155
244631,213,102,100,155
244832,213,102,100,157
245031,213,102,100,156
245234,213,102,100,153
245435,211,100,0,156
245637,212,102,100,155
245837,211,102,100,155
246039,211,102,100,155
246241,210,102,100,156
246439,210,102,100,156
246642,210,99,0,156
246843,210,102,100,155
247044,209,99,0,157
247245,209,102,100,155
247447,209,102,100,155
247649,209,102,100,155
247846,209,102,100,153
248049,208,102,100,154
248251,207,99,0,154
248452,208,99,0,155
248652,208,99,0,156
248852,209,102,100,154
249056,209,102,100,154
249257,209,102,100,155
249460,209,102,100,153
249660,210,102,100,152
249860,210,102,100,153
250063,209,99,0,155
250264,209,100,0,154
250465,209,102,100,155
250665,209,99,0,153
250865,209,102,100,151
251071,209,102,100,154
251271,209,102,98,150
251474,209,99,0,154
251677,208,102,100,153
251878,207,100,0,154
252077,208,102,100,154
252280,208,102,100,154
252482,208,102,100,155
252684,208,102,100,152
252884,208,102,100,154
253086,207,99,0,153
253290,207,102,100,152
253495,206,100,0,155
253696,207,102,100,154
253899,207,102,100,154
254100,207,102,100,153
254300,206,99,0,155
254504,207,102,100,149
254706,207,102,100,153
254909,207,99,0,153
255110,207,99,0,154
255311,208,102,100,150
255511,208,102,100,154
255712,208,102,100,153
255913,208,99,0,154
256117,208,102,100,150
256317,208,102,100,153
256517,207,99,0,155
256720,207,99,0,155
256921,207,102,100,152
257122,207,102,100,152
257319,206,102,100,154
257522,206,102,100,153
257724,206,102,99,151
257926,206,102,100,152
258128,205,99,0,154
258329,204,100,0,155
258527,205,102,100,154
258729,205,102,100,153
258932,205,102,100,153
259135,205,102,100,151
259340,205,102,100,150
259542,205,102,100,152
259744,205,99,0,153
259948,205,99,0,154
260150,206,102,100,152
260349,204,99,0,152
260551,205,102,100,151
260753,204,102,100,150
260954,204,102,100,149
261156,204,102,100,152
261358,204,102,100,151
261560,203,99,0,151
261763,204,102,100,153
261965,204,102,100,151
262166,204,102,100,152
262367,203,102,100,151
262569,203,102,100,153
262773,202,100,0,151
262973,203,102,100,151
263174,202,100,0,154
263377,203,102,100,151
263577,203,102,100,151
263779,203,102,100,151
263982,202,102,100,150
264183,202,102,100,151
264385,201,99,0,151
264585,201,99,0,151
264785,200,100,0,152
264987,201,102,100,152
265189,201,102,100,151
265391,201,99,0,150
265590,202,102,100,150
265792,201,102,100,151
265992,200,100,0,150
266194,201,99,0,150
266395,201,100,1,151
266596,201,102,100,150
266799,201,102,100,149
267001,201,102,100,147
267204,200,100,0,151
267408,201,102,100,149
267610,202,102,100,149
267809,200,100,0,149
268011,201,102,100,146
268212,201,102,100,148
268411,201,99,0,147
268614,202,103,100,147
268816,202,102,100,146
269017,201,102,100,147
269217,202,102,100,147
269419,201,100,0,148
269621,202,101,67,145
269820,202,103,100,147
